timestamp,datetime,open,high,low,close,volume
1703223420,2023-12-22T00:37:00.000-05:00,18.09,18.09,18.09,18.09,448
1703225340,2023-12-22T01:09:00.000-05:00,18.09,18.09,18.09,18.09,400
1703229960,2023-12-22T02:26:00.000-05:00,18.09,18.09,18.09,18.09,129
1703231100,2023-12-22T02:45:00.000-05:00,18.13,18.13,18.13,18.13,130
1703234640,2023-12-22T03:44:00.000-05:00,18.13,18.13,18.13,18.13,300
1703235660,2023-12-22T04:01:00.000-05:00,18.07,18.07,18.07,18.07,100
1703237580,2023-12-22T04:33:00.000-05:00,18.1,18.1,18.1,18.1,300
1703237640,2023-12-22T04:34:00.000-05:00,18.14,18.14,18.14,18.14,145
1703238720,2023-12-22T04:52:00.000-05:00,18.13,18.14,18.13,18.14,1860
1703239980,2023-12-22T05:13:00.000-05:00,18.13,18.13,18.13,18.13,200
1703242260,2023-12-22T05:51:00.000-05:00,18.14,18.18,18.14,18.18,15000
1703242860,2023-12-22T06:01:00.000-05:00,18.18,18.185,18.18,18.18,1348
1703242920,2023-12-22T06:02:00.000-05:00,18.19,18.19,18.19,18.19,250
1703244420,2023-12-22T06:27:00.000-05:00,18.2,18.2,18.2,18.2,1800
1703244540,2023-12-22T06:29:00.000-05:00,18.2,18.2,18.2,18.2,2000
1703244720,2023-12-22T06:32:00.000-05:00,18.21,18.21,18.21,18.21,100
1703244960,2023-12-22T06:36:00.000-05:00,18.19,18.19,18.19,18.19,1681
1703245140,2023-12-22T06:39:00.000-05:00,18.19,18.2,18.19,18.2,1069
1703245800,2023-12-22T06:50:00.000-05:00,18.2,18.2,18.2,18.2,1900
1703245860,2023-12-22T06:51:00.000-05:00,18.21,18.21,18.21,18.21,200
1703245920,2023-12-22T06:52:00.000-05:00,18.23,18.23,18.23,18.23,210
1703246400,2023-12-22T07:00:00.000-05:00,18.21,18.23,18.2,18.2202,5160
1703246460,2023-12-22T07:01:00.000-05:00,18.22,18.23,18.22,18.23,783
1703246520,2023-12-22T07:02:00.000-05:00,18.23,18.25,18.23,18.25,4116
1703246640,2023-12-22T07:04:00.000-05:00,18.23,18.23,18.22,18.22,266
1703246700,2023-12-22T07:05:00.000-05:00,18.23,18.23,18.23,18.23,2008
1703246820,2023-12-22T07:07:00.000-05:00,18.2203,18.23,18.2203,18.23,485
1703246880,2023-12-22T07:08:00.000-05:00,18.23,18.23,18.23,18.23,501
1703246940,2023-12-22T07:09:00.000-05:00,18.23,18.23,18.23,18.23,301
1703247000,2023-12-22T07:10:00.000-05:00,18.23,18.23,18.23,18.23,204
1703247060,2023-12-22T07:11:00.000-05:00,18.2202,18.2202,18.2202,18.2202,1145
1703247120,2023-12-22T07:12:00.000-05:00,18.24,18.24,18.24,18.24,802
1703247180,2023-12-22T07:13:00.000-05:00,18.22,18.24,18.22,18.23,6716
1703247240,2023-12-22T07:14:00.000-05:00,18.24,18.24,18.24,18.24,1800
1703247300,2023-12-22T07:15:00.000-05:00,18.24,18.24,18.24,18.24,1004
1703247360,2023-12-22T07:16:00.000-05:00,18.23,18.25,18.23,18.25,900
1703247420,2023-12-22T07:17:00.000-05:00,18.25,18.25,18.25,18.25,500
1703247480,2023-12-22T07:18:00.000-05:00,18.25,18.25,18.25,18.25,488
1703247540,2023-12-22T07:19:00.000-05:00,18.24,18.24,18.24,18.24,2000
1703247600,2023-12-22T07:20:00.000-05:00,18.24,18.24,18.24,18.24,176
1703247660,2023-12-22T07:21:00.000-05:00,18.24,18.24,18.24,18.24,560
1703247720,2023-12-22T07:22:00.000-05:00,18.23,18.23,18.23,18.23,700
1703247840,2023-12-22T07:24:00.000-05:00,18.23,18.23,18.23,18.23,327
1703247900,2023-12-22T07:25:00.000-05:00,18.24,18.24,18.24,18.24,528
1703248020,2023-12-22T07:27:00.000-05:00,18.25,18.25,18.25,18.25,631
1703248140,2023-12-22T07:29:00.000-05:00,18.25,18.26,18.25,18.26,4567
1703248200,2023-12-22T07:30:00.000-05:00,18.26,18.27,18.26,18.27,1113
1703248320,2023-12-22T07:32:00.000-05:00,18.26,18.27,18.26,18.27,363
1703248380,2023-12-22T07:33:00.000-05:00,18.26,18.27,18.26,18.27,1212
1703248440,2023-12-22T07:34:00.000-05:00,18.2699,18.2699,18.2699,18.2699,125
1703248560,2023-12-22T07:36:00.000-05:00,18.27,18.28,18.27,18.28,502
1703248620,2023-12-22T07:37:00.000-05:00,18.28,18.29,18.28,18.29,514
1703248680,2023-12-22T07:38:00.000-05:00,18.29,18.3,18.29,18.3,2023
1703248740,2023-12-22T07:39:00.000-05:00,18.3,18.31,18.29,18.31,3931
1703248800,2023-12-22T07:40:00.000-05:00,18.3,18.3,18.3,18.3,4295
1703248860,2023-12-22T07:41:00.000-05:00,18.29,18.2901,18.29,18.2901,1057
1703248920,2023-12-22T07:42:00.000-05:00,18.29,18.29,18.29,18.29,834
1703248980,2023-12-22T07:43:00.000-05:00,18.29,18.29,18.29,18.29,2005
1703249040,2023-12-22T07:44:00.000-05:00,18.289,18.29,18.289,18.29,912
1703249100,2023-12-22T07:45:00.000-05:00,18.29,18.29,18.29,18.29,751
1703249160,2023-12-22T07:46:00.000-05:00,18.28,18.28,18.28,18.28,100
1703249280,2023-12-22T07:48:00.000-05:00,18.27,18.28,18.27,18.27,4333
1703249340,2023-12-22T07:49:00.000-05:00,18.27,18.27,18.27,18.27,402
1703249400,2023-12-22T07:50:00.000-05:00,18.27,18.27,18.27,18.27,200
1703249580,2023-12-22T07:53:00.000-05:00,18.27,18.27,18.27,18.27,2070
1703249760,2023-12-22T07:56:00.000-05:00,18.28,18.28,18.27,18.27,1000
1703249820,2023-12-22T07:57:00.000-05:00,18.27,18.27,18.26,18.26,7300
1703249880,2023-12-22T07:58:00.000-05:00,18.26,18.26,18.26,18.26,302
1703250000,2023-12-22T08:00:00.000-05:00,18.26,18.26,18.24,18.2498,951
1703250060,2023-12-22T08:01:00.000-05:00,18.25,18.25,18.25,18.25,226
1703250120,2023-12-22T08:02:00.000-05:00,18.2499,18.2499,18.2403,18.2403,8574
1703250180,2023-12-22T08:03:00.000-05:00,18.24,18.25,18.24,18.25,300
1703250240,2023-12-22T08:04:00.000-05:00,18.25,18.25,18.25,18.25,606
1703250300,2023-12-22T08:05:00.000-05:00,18.24,18.2499,18.24,18.2499,928
1703250360,2023-12-22T08:06:00.000-05:00,18.25,18.25,18.25,18.25,100
1703250420,2023-12-22T08:07:00.000-05:00,18.27,18.27,18.27,18.27,2017
1703250600,2023-12-22T08:10:00.000-05:00,18.26,18.26,18.26,18.26,304
1703250780,2023-12-22T08:13:00.000-05:00,18.2601,18.27,18.2601,18.27,602
1703250840,2023-12-22T08:14:00.000-05:00,18.28,18.28,18.2799,18.28,725
1703250900,2023-12-22T08:15:00.000-05:00,18.27,18.27,18.27,18.27,110
1703250960,2023-12-22T08:16:00.000-05:00,18.28,18.28,18.28,18.28,430
1703251020,2023-12-22T08:17:00.000-05:00,18.29,18.29,18.29,18.29,550
1703251200,2023-12-22T08:20:00.000-05:00,18.29,18.29,18.29,18.29,102
1703251320,2023-12-22T08:22:00.000-05:00,18.28,18.28,18.28,18.28,1013
1703251380,2023-12-22T08:23:00.000-05:00,18.28,18.28,18.28,18.28,142
1703251440,2023-12-22T08:24:00.000-05:00,18.28,18.28,18.28,18.28,240
1703251500,2023-12-22T08:25:00.000-05:00,18.28,18.28,18.28,18.28,549
1703251620,2023-12-22T08:27:00.000-05:00,18.2501,18.2501,18.2501,18.2501,502
1703251740,2023-12-22T08:29:00.000-05:00,18.28,18.28,18.28,18.28,289
1703251800,2023-12-22T08:30:00.000-05:00,18.27,18.27,18.24,18.24,5827
1703251920,2023-12-22T08:32:00.000-05:00,18.24,18.24,18.23,18.23,1000
1703252040,2023-12-22T08:34:00.000-05:00,18.27,18.27,18.27,18.27,5165
1703252100,2023-12-22T08:35:00.000-05:00,18.28,18.29,18.28,18.28,8011
1703252220,2023-12-22T08:37:00.000-05:00,18.28,18.28,18.28,18.28,249
1703252340,2023-12-22T08:39:00.000-05:00,18.29,18.29,18.29,18.29,5100
1703252400,2023-12-22T08:40:00.000-05:00,18.3,18.3,18.3,18.3,218
1703252520,2023-12-22T08:42:00.000-05:00,18.29,18.3,18.29,18.3,2263
1703252580,2023-12-22T08:43:00.000-05:00,18.3,18.3,18.3,18.3,4960
1703252760,2023-12-22T08:46:00.000-05:00,18.31,18.31,18.31,18.31,552
1703252820,2023-12-22T08:47:00.000-05:00,18.3192,18.33,18.3192,18.32,1020
1703252880,2023-12-22T08:48:00.000-05:00,18.32,18.35,18.32,18.35,3194
1703252940,2023-12-22T08:49:00.000-05:00,18.35,18.35,18.35,18.35,401
1703253000,2023-12-22T08:50:00.000-05:00,18.35,18.35,18.35,18.35,400
1703253060,2023-12-22T08:51:00.000-05:00,18.33,18.37,18.33,18.37,3822
1703253120,2023-12-22T08:52:00.000-05:00,18.37,18.4,18.35,18.3903,10695
1703253180,2023-12-22T08:53:00.000-05:00,18.3997,18.4,18.39,18.39,5303
1703253240,2023-12-22T08:54:00.000-05:00,18.38,18.38,18.38,18.38,1661
1703253300,2023-12-22T08:55:00.000-05:00,18.4,18.4,18.36,18.36,2999
1703253360,2023-12-22T08:56:00.000-05:00,18.3502,18.3502,18.3502,18.3502,493
1703253420,2023-12-22T08:57:00.000-05:00,18.3501,18.3501,18.3501,18.3501,561
1703253480,2023-12-22T08:58:00.000-05:00,18.36,18.36,18.3598,18.3598,550
1703253600,2023-12-22T09:00:00.000-05:00,18.36,18.36,18.33,18.33,3277
1703253660,2023-12-22T09:01:00.000-05:00,18.35,18.35,18.35,18.35,223
1703253720,2023-12-22T09:02:00.000-05:00,18.35,18.38,18.35,18.38,3519
1703253780,2023-12-22T09:03:00.000-05:00,18.38,18.38,18.38,18.38,5000
1703253840,2023-12-22T09:04:00.000-05:00,18.361,18.361,18.36,18.36,3611
1703254020,2023-12-22T09:07:00.000-05:00,18.38,18.38,18.37,18.37,602
1703254080,2023-12-22T09:08:00.000-05:00,18.379,18.379,18.379,18.379,102
1703254140,2023-12-22T09:09:00.000-05:00,18.35,18.35,18.35,18.35,103
1703254200,2023-12-22T09:10:00.000-05:00,18.36,18.36,18.33,18.35,1749
1703254260,2023-12-22T09:11:00.000-05:00,18.36,18.36,18.33,18.33,541
1703254320,2023-12-22T09:12:00.000-05:00,18.34,18.34,18.34,18.34,206
1703254380,2023-12-22T09:13:00.000-05:00,18.34,18.3497,18.34,18.3497,2600
1703254440,2023-12-22T09:14:00.000-05:00,18.3496,18.35,18.3307,18.35,7785
1703254500,2023-12-22T09:15:00.000-05:00,18.33,18.33,18.33,18.33,132
1703254560,2023-12-22T09:16:00.000-05:00,18.35,18.35,18.35,18.35,2332
1703254620,2023-12-22T09:17:00.000-05:00,18.33,18.33,18.33,18.33,100
1703254740,2023-12-22T09:19:00.000-05:00,18.33,18.33,18.33,18.33,1597
1703254800,2023-12-22T09:20:00.000-05:00,18.33,18.33,18.31,18.31,1144
1703254980,2023-12-22T09:23:00.000-05:00,18.34,18.34,18.34,18.34,100
1703255040,2023-12-22T09:24:00.000-05:00,18.3,18.3,18.3,18.3,1613
1703255160,2023-12-22T09:26:00.000-05:00,18.32,18.33,18.32,18.33,1519
1703255220,2023-12-22T09:27:00.000-05:00,18.33,18.33,18.33,18.33,202
1703255280,2023-12-22T09:28:00.000-05:00,18.33,18.33,18.32,18.32,673
1703255400,2023-12-22T09:30:00.000-05:00,18.3,18.33,18.28,18.3267,242038
1703255460,2023-12-22T09:31:00.000-05:00,18.315,18.345,18.2998,18.2999,98079
1703255520,2023-12-22T09:32:00.000-05:00,18.305,18.32,18.27,18.315,71858
1703255580,2023-12-22T09:33:00.000-05:00,18.3099,18.35,18.3099,18.3318,96774
1703255640,2023-12-22T09:34:00.000-05:00,18.3401,18.38,18.3401,18.36,31885
1703255700,2023-12-22T09:35:00.000-05:00,18.36,18.38,18.3548,18.38,63570
1703255760,2023-12-22T09:36:00.000-05:00,18.39,18.42,18.39,18.415,90374
1703255820,2023-12-22T09:37:00.000-05:00,18.41,18.42,18.4,18.42,59745
1703255880,2023-12-22T09:38:00.000-05:00,18.4195,18.43,18.385,18.415,71897
1703255940,2023-12-22T09:39:00.000-05:00,18.41,18.45,18.4,18.4396,117658
1703256000,2023-12-22T09:40:00.000-05:00,18.43,18.45,18.42,18.43,53824
1703256060,2023-12-22T09:41:00.000-05:00,18.44,18.45,18.43,18.45,31345
1703256120,2023-12-22T09:42:00.000-05:00,18.4498,18.5299,18.445,18.52,338194
1703256180,2023-12-22T09:43:00.000-05:00,18.5154,18.53,18.505,18.525,57383
1703256240,2023-12-22T09:44:00.000-05:00,18.525,18.545,18.51,18.54,53212
1703256300,2023-12-22T09:45:00.000-05:00,18.54,18.55,18.52,18.53,29960
1703256360,2023-12-22T09:46:00.000-05:00,18.5201,18.525,18.4929,18.515,96999
1703256420,2023-12-22T09:47:00.000-05:00,18.511,18.52,18.5,18.51,51288
1703256480,2023-12-22T09:48:00.000-05:00,18.505,18.51,18.5,18.5099,40865
1703256540,2023-12-22T09:49:00.000-05:00,18.51,18.525,18.505,18.522,47039
1703256600,2023-12-22T09:50:00.000-05:00,18.52,18.54,18.51,18.535,39968
1703256660,2023-12-22T09:51:00.000-05:00,18.5399,18.54,18.5,18.5,72666
1703256720,2023-12-22T09:52:00.000-05:00,18.505,18.55,18.5,18.55,53176
1703256780,2023-12-22T09:53:00.000-05:00,18.545,18.55,18.52,18.53,25206
1703256840,2023-12-22T09:54:00.000-05:00,18.529,18.53,18.495,18.5,61404
1703256900,2023-12-22T09:55:00.000-05:00,18.5,18.53,18.5,18.515,35220
1703256960,2023-12-22T09:56:00.000-05:00,18.515,18.515,18.48,18.485,49784
1703257020,2023-12-22T09:57:00.000-05:00,18.4801,18.505,18.47,18.49,43749
1703257080,2023-12-22T09:58:00.000-05:00,18.49,18.51,18.485,18.51,35157
1703257140,2023-12-22T09:59:00.000-05:00,18.5,18.515,18.465,18.49,41744
1703257200,2023-12-22T10:00:00.000-05:00,18.49,18.49,18.455,18.46,28001
1703257260,2023-12-22T10:01:00.000-05:00,18.46,18.47,18.43,18.435,113979
1703257320,2023-12-22T10:02:00.000-05:00,18.4315,18.46,18.415,18.46,71652
1703257380,2023-12-22T10:03:00.000-05:00,18.4585,18.49,18.455,18.48,37066
1703257440,2023-12-22T10:04:00.000-05:00,18.475,18.485,18.45,18.46,29403
1703257500,2023-12-22T10:05:00.000-05:00,18.46,18.48,18.455,18.48,37774
1703257560,2023-12-22T10:06:00.000-05:00,18.48,18.5097,18.48,18.5097,47048
1703257620,2023-12-22T10:07:00.000-05:00,18.505,18.51,18.475,18.48,51548
1703257680,2023-12-22T10:08:00.000-05:00,18.49,18.49,18.4648,18.49,21762
1703257740,2023-12-22T10:09:00.000-05:00,18.485,18.485,18.45,18.455,25423
1703257800,2023-12-22T10:10:00.000-05:00,18.45,18.46,18.435,18.4401,68698
1703257860,2023-12-22T10:11:00.000-05:00,18.45,18.48,18.45,18.475,28704
1703257920,2023-12-22T10:12:00.000-05:00,18.48,18.49,18.47,18.48,40994
1703257980,2023-12-22T10:13:00.000-05:00,18.49,18.5,18.4739,18.5,64513
1703258040,2023-12-22T10:14:00.000-05:00,18.49,18.505,18.49,18.495,80287
1703258100,2023-12-22T10:15:00.000-05:00,18.49,18.49,18.46,18.48,42566
1703258160,2023-12-22T10:16:00.000-05:00,18.48,18.5,18.4736,18.49,45581
1703258220,2023-12-22T10:17:00.000-05:00,18.49,18.495,18.455,18.455,35808
1703258280,2023-12-22T10:18:00.000-05:00,18.46,18.47,18.45,18.47,61774
1703258340,2023-12-22T10:19:00.000-05:00,18.475,18.49,18.471,18.485,37976
1703258400,2023-12-22T10:20:00.000-05:00,18.48,18.48,18.46,18.46,21334
1703258460,2023-12-22T10:21:00.000-05:00,18.47,18.49,18.46,18.4815,60299
1703258520,2023-12-22T10:22:00.000-05:00,18.49,18.49,18.47,18.475,19622
1703258580,2023-12-22T10:23:00.000-05:00,18.48,18.48,18.44,18.44,33793
1703258640,2023-12-22T10:24:00.000-05:00,18.44,18.44,18.425,18.44,74327
1703258700,2023-12-22T10:25:00.000-05:00,18.43,18.435,18.41,18.413,46105
1703258760,2023-12-22T10:26:00.000-05:00,18.41,18.44,18.4037,18.43,35013
1703258820,2023-12-22T10:27:00.000-05:00,18.425,18.4385,18.42,18.4302,35332
1703258880,2023-12-22T10:28:00.000-05:00,18.43,18.44,18.425,18.43,25555
1703258940,2023-12-22T10:29:00.000-05:00,18.43,18.4396,18.4101,18.43,37537
1703259000,2023-12-22T10:30:00.000-05:00,18.4367,18.4412,18.415,18.415,27325
1703259060,2023-12-22T10:31:00.000-05:00,18.418,18.42,18.385,18.3898,44644
1703259120,2023-12-22T10:32:00.000-05:00,18.385,18.39,18.37,18.37,33533
1703259180,2023-12-22T10:33:00.000-05:00,18.37,18.39,18.36,18.389,55666
1703259240,2023-12-22T10:34:00.000-05:00,18.385,18.39,18.36,18.365,43175
1703259300,2023-12-22T10:35:00.000-05:00,18.36,18.37,18.355,18.355,25013
1703259360,2023-12-22T10:36:00.000-05:00,18.36,18.37,18.35,18.365,26062
1703259420,2023-12-22T10:37:00.000-05:00,18.3695,18.37,18.36,18.36,43009
1703259480,2023-12-22T10:38:00.000-05:00,18.365,18.37,18.35,18.36,30775
1703259540,2023-12-22T10:39:00.000-05:00,18.365,18.365,18.355,18.355,16374
1703259600,2023-12-22T10:40:00.000-05:00,18.36,18.36,18.34,18.3474,24810
1703259660,2023-12-22T10:41:00.000-05:00,18.34,18.35,18.34,18.3485,12988
1703259720,2023-12-22T10:42:00.000-05:00,18.345,18.37,18.345,18.37,22713
1703259780,2023-12-22T10:43:00.000-05:00,18.3701,18.38,18.365,18.38,37222
1703259840,2023-12-22T10:44:00.000-05:00,18.3784,18.3799,18.37,18.375,7078
1703259900,2023-12-22T10:45:00.000-05:00,18.375,18.38,18.35,18.355,32757
1703259960,2023-12-22T10:46:00.000-05:00,18.36,18.37,18.355,18.37,43427
1703260020,2023-12-22T10:47:00.000-05:00,18.36,18.365,18.35,18.3501,41849
1703260080,2023-12-22T10:48:00.000-05:00,18.3583,18.37,18.355,18.36,33787
1703260140,2023-12-22T10:49:00.000-05:00,18.3522,18.36,18.33,18.33,40520
1703260200,2023-12-22T10:50:00.000-05:00,18.34,18.34,18.315,18.315,48052
1703260260,2023-12-22T10:51:00.000-05:00,18.315,18.32,18.31,18.315,20180
1703260320,2023-12-22T10:52:00.000-05:00,18.31,18.33,18.31,18.31,48716
1703260380,2023-12-22T10:53:00.000-05:00,18.3102,18.32,18.31,18.3101,62679
1703260440,2023-12-22T10:54:00.000-05:00,18.315,18.315,18.29,18.3,79143
1703260500,2023-12-22T10:55:00.000-05:00,18.3,18.3003,18.28,18.2901,36040
1703260560,2023-12-22T10:56:00.000-05:00,18.3,18.315,18.3,18.31,17418
1703260620,2023-12-22T10:57:00.000-05:00,18.3,18.32,18.29,18.32,34143
1703260680,2023-12-22T10:58:00.000-05:00,18.32,18.335,18.315,18.315,32966
1703260740,2023-12-22T10:59:00.000-05:00,18.315,18.32,18.31,18.315,10195
1703260800,2023-12-22T11:00:00.000-05:00,18.31,18.31,18.285,18.295,63841
1703260860,2023-12-22T11:01:00.000-05:00,18.29,18.2998,18.28,18.29,39301
1703260920,2023-12-22T11:02:00.000-05:00,18.2899,18.2899,18.2701,18.28,18708
1703260980,2023-12-22T11:03:00.000-05:00,18.28,18.29,18.265,18.2685,61141
1703261040,2023-12-22T11:04:00.000-05:00,18.27,18.275,18.255,18.257,64866
1703261100,2023-12-22T11:05:00.000-05:00,18.26,18.26,18.23,18.2485,82266
1703261160,2023-12-22T11:06:00.000-05:00,18.25,18.28,18.25,18.275,77465
1703261220,2023-12-22T11:07:00.000-05:00,18.28,18.29,18.265,18.28,74830
1703261280,2023-12-22T11:08:00.000-05:00,18.28,18.29,18.27,18.27,83021
1703261340,2023-12-22T11:09:00.000-05:00,18.27,18.29,18.27,18.29,63579
1703261400,2023-12-22T11:10:00.000-05:00,18.285,18.3,18.28,18.2951,64711
1703261460,2023-12-22T11:11:00.000-05:00,18.29,18.31,18.29,18.2989,81949
1703261520,2023-12-22T11:12:00.000-05:00,18.295,18.31,18.29,18.305,25211
1703261580,2023-12-22T11:13:00.000-05:00,18.305,18.32,18.275,18.275,89651
1703261640,2023-12-22T11:14:00.000-05:00,18.275,18.3,18.275,18.295,74717
1703261700,2023-12-22T11:15:00.000-05:00,18.295,18.3,18.29,18.2999,68779
1703261760,2023-12-22T11:16:00.000-05:00,18.2979,18.3,18.28,18.29,45659
1703261820,2023-12-22T11:17:00.000-05:00,18.285,18.29,18.275,18.275,87338
1703261880,2023-12-22T11:18:00.000-05:00,18.2799,18.3,18.275,18.2913,50467
1703261940,2023-12-22T11:19:00.000-05:00,18.295,18.295,18.2826,18.29,19357
1703262000,2023-12-22T11:20:00.000-05:00,18.285,18.29,18.28,18.285,27234
1703262060,2023-12-22T11:21:00.000-05:00,18.285,18.31,18.28,18.295,38656
1703262120,2023-12-22T11:22:00.000-05:00,18.2988,18.315,18.2973,18.31,37651
1703262180,2023-12-22T11:23:00.000-05:00,18.3003,18.31,18.29,18.295,22774
1703262240,2023-12-22T11:24:00.000-05:00,18.3,18.3,18.29,18.29,10746
1703262300,2023-12-22T11:25:00.000-05:00,18.295,18.295,18.27,18.278,78783
1703262360,2023-12-22T11:26:00.000-05:00,18.275,18.3,18.275,18.285,56915
1703262420,2023-12-22T11:27:00.000-05:00,18.285,18.3,18.2844,18.285,48365
1703262480,2023-12-22T11:28:00.000-05:00,18.29,18.3,18.2848,18.295,38450
1703262540,2023-12-22T11:29:00.000-05:00,18.2915,18.2915,18.2808,18.2899,40317
1703262600,2023-12-22T11:30:00.000-05:00,18.285,18.3,18.285,18.285,36034
1703262660,2023-12-22T11:31:00.000-05:00,18.285,18.29,18.27,18.275,63273
1703262720,2023-12-22T11:32:00.000-05:00,18.28,18.3,18.28,18.294,26443
1703262780,2023-12-22T11:33:00.000-05:00,18.3,18.3,18.29,18.2996,31794
1703262840,2023-12-22T11:34:00.000-05:00,18.295,18.2999,18.285,18.295,39264
1703262900,2023-12-22T11:35:00.000-05:00,18.29,18.2999,18.27,18.275,32602
1703262960,2023-12-22T11:36:00.000-05:00,18.28,18.2833,18.27,18.275,20307
1703263020,2023-12-22T11:37:00.000-05:00,18.275,18.29,18.2716,18.285,7648
1703263080,2023-12-22T11:38:00.000-05:00,18.29,18.3,18.27,18.2799,16210
1703263140,2023-12-22T11:39:00.000-05:00,18.275,18.2899,18.275,18.2801,22118
1703263200,2023-12-22T11:40:00.000-05:00,18.285,18.2899,18.27,18.27,54993
1703263260,2023-12-22T11:41:00.000-05:00,18.2752,18.2752,18.25,18.255,106166
1703263320,2023-12-22T11:42:00.000-05:00,18.255,18.26,18.245,18.255,72934
1703263380,2023-12-22T11:43:00.000-05:00,18.2585,18.27,18.25,18.265,29332
1703263440,2023-12-22T11:44:00.000-05:00,18.265,18.265,18.23,18.24,53715
1703263500,2023-12-22T11:45:00.000-05:00,18.24,18.245,18.22,18.232,96884
1703263560,2023-12-22T11:46:00.000-05:00,18.235,18.24,18.23,18.23,30734
1703263620,2023-12-22T11:47:00.000-05:00,18.235,18.255,18.23,18.2403,108304
1703263680,2023-12-22T11:48:00.000-05:00,18.24,18.24,18.205,18.21,131469
1703263740,2023-12-22T11:49:00.000-05:00,18.205,18.22,18.19,18.205,199739
1703263800,2023-12-22T11:50:00.000-05:00,18.2085,18.23,18.2,18.2284,118396
1703263860,2023-12-22T11:51:00.000-05:00,18.225,18.2398,18.22,18.2297,78568
1703263920,2023-12-22T11:52:00.000-05:00,18.23,18.235,18.2,18.215,77924
1703263980,2023-12-22T11:53:00.000-05:00,18.21,18.225,18.2,18.215,75135
1703264040,2023-12-22T11:54:00.000-05:00,18.215,18.225,18.21,18.225,75878
1703264100,2023-12-22T11:55:00.000-05:00,18.225,18.25,18.22,18.245,98845
1703264160,2023-12-22T11:56:00.000-05:00,18.24,18.245,18.23,18.2312,63120
1703264220,2023-12-22T11:57:00.000-05:00,18.235,18.235,18.215,18.225,80429
1703264280,2023-12-22T11:58:00.000-05:00,18.225,18.23,18.22,18.225,26428
1703264340,2023-12-22T11:59:00.000-05:00,18.2271,18.23,18.2,18.21,38354
1703264400,2023-12-22T12:00:00.000-05:00,18.215,18.235,18.21,18.235,161205
1703264460,2023-12-22T12:01:00.000-05:00,18.24,18.245,18.23,18.245,58162
1703264520,2023-12-22T12:02:00.000-05:00,18.24,18.2585,18.24,18.25,315119
1703264580,2023-12-22T12:03:00.000-05:00,18.255,18.27,18.25,18.27,60327
1703264640,2023-12-22T12:04:00.000-05:00,18.27,18.27,18.26,18.265,40538
1703264700,2023-12-22T12:05:00.000-05:00,18.265,18.28,18.265,18.275,40469
1703264760,2023-12-22T12:06:00.000-05:00,18.28,18.29,18.28,18.29,13883
1703264820,2023-12-22T12:07:00.000-05:00,18.28,18.29,18.275,18.28,73102
1703264880,2023-12-22T12:08:00.000-05:00,18.28,18.29,18.27,18.275,80811
1703264940,2023-12-22T12:09:00.000-05:00,18.275,18.2763,18.26,18.26,81523
1703265000,2023-12-22T12:10:00.000-05:00,18.2656,18.2656,18.245,18.26,76312
1703265060,2023-12-22T12:11:00.000-05:00,18.26,18.2711,18.2548,18.2711,28743
1703265120,2023-12-22T12:12:00.000-05:00,18.275,18.28,18.27,18.275,11014
1703265180,2023-12-22T12:13:00.000-05:00,18.275,18.285,18.27,18.275,63920
1703265240,2023-12-22T12:14:00.000-05:00,18.275,18.29,18.27,18.285,47397
1703265300,2023-12-22T12:15:00.000-05:00,18.285,18.3,18.2811,18.2991,30044
1703265360,2023-12-22T12:16:00.000-05:00,18.3,18.31,18.3,18.305,27492
1703265420,2023-12-22T12:17:00.000-05:00,18.3,18.31,18.29,18.3012,44138
1703265480,2023-12-22T12:18:00.000-05:00,18.305,18.31,18.295,18.295,30946
1703265540,2023-12-22T12:19:00.000-05:00,18.295,18.315,18.295,18.305,81179
1703265600,2023-12-22T12:20:00.000-05:00,18.3085,18.32,18.3014,18.32,75530
1703265660,2023-12-22T12:21:00.000-05:00,18.32,18.33,18.314,18.325,55819
1703265720,2023-12-22T12:22:00.000-05:00,18.325,18.33,18.31,18.3215,197446
1703265780,2023-12-22T12:23:00.000-05:00,18.33,18.33,18.32,18.325,279858
1703265840,2023-12-22T12:24:00.000-05:00,18.325,18.33,18.32,18.325,19316
1703265900,2023-12-22T12:25:00.000-05:00,18.325,18.33,18.3122,18.33,59552
1703265960,2023-12-22T12:26:00.000-05:00,18.3265,18.3354,18.32,18.335,46676
1703266020,2023-12-22T12:27:00.000-05:00,18.335,18.35,18.325,18.35,91162
1703266080,2023-12-22T12:28:00.000-05:00,18.3401,18.35,18.33,18.33,97943
1703266140,2023-12-22T12:29:00.000-05:00,18.34,18.35,18.34,18.34,33989
1703266200,2023-12-22T12:30:00.000-05:00,18.34,18.3442,18.3315,18.34,32277
1703266260,2023-12-22T12:31:00.000-05:00,18.335,18.3388,18.32,18.3303,78604
1703266320,2023-12-22T12:32:00.000-05:00,18.3314,18.335,18.33,18.335,23276
1703266380,2023-12-22T12:33:00.000-05:00,18.3315,18.34,18.33,18.34,26850
1703266440,2023-12-22T12:34:00.000-05:00,18.33,18.345,18.33,18.335,47254
1703266500,2023-12-22T12:35:00.000-05:00,18.3304,18.345,18.33,18.3401,72294
1703266560,2023-12-22T12:36:00.000-05:00,18.345,18.35,18.34,18.345,9295
1703266620,2023-12-22T12:37:00.000-05:00,18.35,18.36,18.3499,18.36,28253
1703266680,2023-12-22T12:38:00.000-05:00,18.355,18.36,18.35,18.36,16583
1703266740,2023-12-22T12:39:00.000-05:00,18.355,18.36,18.355,18.355,12315
1703266800,2023-12-22T12:40:00.000-05:00,18.3599,18.36,18.3535,18.36,11915
1703266860,2023-12-22T12:41:00.000-05:00,18.36,18.37,18.36,18.3649,24048
1703266920,2023-12-22T12:42:00.000-05:00,18.37,18.37,18.36,18.361,23634
1703266980,2023-12-22T12:43:00.000-05:00,18.37,18.38,18.34,18.345,183192
1703267040,2023-12-22T12:44:00.000-05:00,18.345,18.35,18.34,18.34,25474
1703267100,2023-12-22T12:45:00.000-05:00,18.3401,18.365,18.3401,18.355,87330
1703267160,2023-12-22T12:46:00.000-05:00,18.355,18.36,18.35,18.36,7497
1703267220,2023-12-22T12:47:00.000-05:00,18.3597,18.3599,18.3513,18.355,7612
1703267280,2023-12-22T12:48:00.000-05:00,18.355,18.365,18.35,18.365,25001
1703267340,2023-12-22T12:49:00.000-05:00,18.365,18.3653,18.35,18.3599,75055
1703267400,2023-12-22T12:50:00.000-05:00,18.36,18.365,18.35,18.365,124540
1703267460,2023-12-22T12:51:00.000-05:00,18.365,18.37,18.36,18.365,38736
1703267520,2023-12-22T12:52:00.000-05:00,18.37,18.37,18.35,18.35,14491
1703267580,2023-12-22T12:53:00.000-05:00,18.3523,18.36,18.35,18.35,6625
1703267640,2023-12-22T12:54:00.000-05:00,18.36,18.37,18.35,18.37,27039
1703267700,2023-12-22T12:55:00.000-05:00,18.37,18.37,18.36,18.37,65380
1703267760,2023-12-22T12:56:00.000-05:00,18.36,18.37,18.36,18.37,21276
1703267820,2023-12-22T12:57:00.000-05:00,18.37,18.38,18.362,18.3799,39046
1703267880,2023-12-22T12:58:00.000-05:00,18.38,18.38,18.37,18.375,56616
1703267940,2023-12-22T12:59:00.000-05:00,18.375,18.395,18.375,18.3901,99406
1703268000,2023-12-22T13:00:00.000-05:00,18.395,18.4083,18.39,18.3973,102435
1703268060,2023-12-22T13:01:00.000-05:00,18.39,18.39,18.36,18.365,93217
1703268120,2023-12-22T13:02:00.000-05:00,18.3687,18.375,18.35,18.3695,170580
1703268180,2023-12-22T13:03:00.000-05:00,18.365,18.38,18.36,18.375,150907
1703268240,2023-12-22T13:04:00.000-05:00,18.38,18.395,18.3795,18.395,56814
1703268300,2023-12-22T13:05:00.000-05:00,18.395,18.4,18.39,18.395,93655
1703268360,2023-12-22T13:06:00.000-05:00,18.395,18.4,18.39,18.395,24700
1703268420,2023-12-22T13:07:00.000-05:00,18.3956,18.4,18.39,18.3903,12396
1703268480,2023-12-22T13:08:00.000-05:00,18.39,18.39,18.38,18.3899,19177
1703268540,2023-12-22T13:09:00.000-05:00,18.3823,18.39,18.38,18.39,32458
1703268600,2023-12-22T13:10:00.000-05:00,18.3899,18.4,18.3899,18.4,10810
1703268660,2023-12-22T13:11:00.000-05:00,18.391,18.4,18.3901,18.395,49795
1703268720,2023-12-22T13:12:00.000-05:00,18.4,18.4,18.3901,18.395,24586
1703268780,2023-12-22T13:13:00.000-05:00,18.3919,18.4,18.3919,18.4,11855
1703268840,2023-12-22T13:14:00.000-05:00,18.4,18.4,18.395,18.4,5674
1703268900,2023-12-22T13:15:00.000-05:00,18.3901,18.4,18.3901,18.4,33723
1703268960,2023-12-22T13:16:00.000-05:00,18.4,18.4,18.36,18.365,84771
1703269020,2023-12-22T13:17:00.000-05:00,18.365,18.37,18.35,18.3598,43896
1703269080,2023-12-22T13:18:00.000-05:00,18.355,18.3591,18.34,18.345,79374
1703269140,2023-12-22T13:19:00.000-05:00,18.3485,18.36,18.345,18.355,19155
1703269200,2023-12-22T13:20:00.000-05:00,18.355,18.38,18.35,18.3709,51760
1703269260,2023-12-22T13:21:00.000-05:00,18.37,18.38,18.365,18.365,38615
1703269320,2023-12-22T13:22:00.000-05:00,18.365,18.37,18.365,18.37,15634
1703269380,2023-12-22T13:23:00.000-05:00,18.37,18.37,18.362,18.37,9990
1703269440,2023-12-22T13:24:00.000-05:00,18.365,18.37,18.3637,18.37,6913
1703269500,2023-12-22T13:25:00.000-05:00,18.3678,18.37,18.355,18.36,44549
1703269560,2023-12-22T13:26:00.000-05:00,18.3595,18.36,18.35,18.3535,15499
1703269620,2023-12-22T13:27:00.000-05:00,18.35,18.37,18.35,18.36,87694
1703269680,2023-12-22T13:28:00.000-05:00,18.36,18.3642,18.345,18.3597,88640
1703269740,2023-12-22T13:29:00.000-05:00,18.36,18.36,18.3519,18.3519,6020
1703269800,2023-12-22T13:30:00.000-05:00,18.355,18.37,18.355,18.37,21034
1703269860,2023-12-22T13:31:00.000-05:00,18.37,18.37,18.36,18.37,32855
1703269920,2023-12-22T13:32:00.000-05:00,18.36,18.37,18.3501,18.355,79244
1703269980,2023-12-22T13:33:00.000-05:00,18.355,18.36,18.355,18.36,13790
1703270040,2023-12-22T13:34:00.000-05:00,18.36,18.36,18.35,18.35,24552
1703270100,2023-12-22T13:35:00.000-05:00,18.355,18.36,18.345,18.355,56704
1703270160,2023-12-22T13:36:00.000-05:00,18.35,18.37,18.35,18.365,33498
1703270220,2023-12-22T13:37:00.000-05:00,18.365,18.365,18.35,18.355,44043
1703270280,2023-12-22T13:38:00.000-05:00,18.36,18.36,18.355,18.36,23982
1703270340,2023-12-22T13:39:00.000-05:00,18.355,18.36,18.3509,18.3597,29492
1703270400,2023-12-22T13:40:00.000-05:00,18.35,18.36,18.3401,18.3401,35712
1703270460,2023-12-22T13:41:00.000-05:00,18.34,18.34,18.32,18.3297,37551
1703270520,2023-12-22T13:42:00.000-05:00,18.325,18.33,18.32,18.325,70828
1703270580,2023-12-22T13:43:00.000-05:00,18.325,18.33,18.3211,18.3297,22294
1703270640,2023-12-22T13:44:00.000-05:00,18.3298,18.34,18.325,18.325,49833
1703270700,2023-12-22T13:45:00.000-05:00,18.3201,18.33,18.311,18.325,57998
1703270760,2023-12-22T13:46:00.000-05:00,18.325,18.33,18.32,18.3287,29274
1703270820,2023-12-22T13:47:00.000-05:00,18.325,18.33,18.32,18.325,6656
1703270880,2023-12-22T13:48:00.000-05:00,18.325,18.345,18.325,18.34,75884
1703270940,2023-12-22T13:49:00.000-05:00,18.33,18.34,18.33,18.335,7669
1703271000,2023-12-22T13:50:00.000-05:00,18.335,18.34,18.3322,18.3399,26403
1703271060,2023-12-22T13:51:00.000-05:00,18.34,18.34,18.3201,18.325,38057
1703271120,2023-12-22T13:52:00.000-05:00,18.325,18.3299,18.32,18.325,11472
1703271180,2023-12-22T13:53:00.000-05:00,18.325,18.33,18.32,18.32,29437
1703271240,2023-12-22T13:54:00.000-05:00,18.325,18.33,18.32,18.3299,279358
1703271300,2023-12-22T13:55:00.000-05:00,18.33,18.34,18.3225,18.3246,28108
1703271360,2023-12-22T13:56:00.000-05:00,18.329,18.329,18.32,18.3262,58606
1703271420,2023-12-22T13:57:00.000-05:00,18.32,18.33,18.32,18.33,9150
1703271480,2023-12-22T13:58:00.000-05:00,18.325,18.33,18.3225,18.325,17534
1703271540,2023-12-22T13:59:00.000-05:00,18.3225,18.34,18.3203,18.325,51731
1703271600,2023-12-22T14:00:00.000-05:00,18.32,18.3242,18.31,18.3185,106642
1703271660,2023-12-22T14:01:00.000-05:00,18.315,18.32,18.315,18.315,12714
1703271720,2023-12-22T14:02:00.000-05:00,18.315,18.32,18.31,18.315,9139
1703271780,2023-12-22T14:03:00.000-05:00,18.315,18.315,18.3,18.31,67860
1703271840,2023-12-22T14:04:00.000-05:00,18.315,18.3175,18.31,18.315,5043
1703271900,2023-12-22T14:05:00.000-05:00,18.31,18.31,18.297,18.3,115261
1703271960,2023-12-22T14:06:00.000-05:00,18.295,18.3,18.285,18.29,62001
1703272020,2023-12-22T14:07:00.000-05:00,18.2894,18.295,18.285,18.287,36475
1703272080,2023-12-22T14:08:00.000-05:00,18.2801,18.29,18.28,18.29,8272
1703272140,2023-12-22T14:09:00.000-05:00,18.29,18.3,18.2714,18.285,78554
1703272200,2023-12-22T14:10:00.000-05:00,18.28,18.29,18.28,18.285,6096
1703272260,2023-12-22T14:11:00.000-05:00,18.2849,18.2856,18.28,18.2824,9304
1703272320,2023-12-22T14:12:00.000-05:00,18.285,18.29,18.275,18.275,50197
1703272380,2023-12-22T14:13:00.000-05:00,18.275,18.277,18.27,18.27,7167
1703272440,2023-12-22T14:14:00.000-05:00,18.275,18.28,18.2725,18.28,5986
1703272500,2023-12-22T14:15:00.000-05:00,18.27,18.28,18.27,18.275,7548
1703272560,2023-12-22T14:16:00.000-05:00,18.28,18.28,18.27,18.27,8147
1703272620,2023-12-22T14:17:00.000-05:00,18.27,18.2742,18.264,18.27,22031
1703272680,2023-12-22T14:18:00.000-05:00,18.265,18.27,18.255,18.255,38306
1703272740,2023-12-22T14:19:00.000-05:00,18.26,18.28,18.26,18.27,27270
1703272800,2023-12-22T14:20:00.000-05:00,18.27,18.28,18.27,18.28,11181
1703272860,2023-12-22T14:21:00.000-05:00,18.28,18.28,18.27,18.275,6948
1703272920,2023-12-22T14:22:00.000-05:00,18.27,18.28,18.26,18.26,35101
1703272980,2023-12-22T14:23:00.000-05:00,18.2552,18.2552,18.25,18.25,12987
1703273040,2023-12-22T14:24:00.000-05:00,18.24,18.245,18.23,18.235,7572
1703273100,2023-12-22T14:25:00.000-05:00,18.235,18.235,18.21,18.22,29380
1703273160,2023-12-22T14:26:00.000-05:00,18.223,18.2245,18.21,18.2101,23092
1703273220,2023-12-22T14:27:00.000-05:00,18.215,18.216,18.2,18.205,25724
1703273280,2023-12-22T14:28:00.000-05:00,18.21,18.2199,18.2,18.2104,66792
1703273340,2023-12-22T14:29:00.000-05:00,18.21,18.215,18.2,18.21,22174
1703273400,2023-12-22T14:30:00.000-05:00,18.2085,18.21,18.2,18.21,4169
1703273460,2023-12-22T14:31:00.000-05:00,18.205,18.21,18.19,18.195,40269
1703273520,2023-12-22T14:32:00.000-05:00,18.195,18.198,18.185,18.19,37366
1703273580,2023-12-22T14:33:00.000-05:00,18.195,18.2,18.18,18.19,26202
1703273640,2023-12-22T14:34:00.000-05:00,18.185,18.2,18.185,18.1915,20444
1703273700,2023-12-22T14:35:00.000-05:00,18.195,18.2,18.1934,18.2,6721
1703273760,2023-12-22T14:36:00.000-05:00,18.2,18.21,18.2,18.21,18936
1703273820,2023-12-22T14:37:00.000-05:00,18.21,18.23,18.21,18.2254,26776
1703273880,2023-12-22T14:38:00.000-05:00,18.23,18.25,18.2202,18.245,32669
1703273940,2023-12-22T14:39:00.000-05:00,18.24,18.25,18.24,18.24,12972
1703274000,2023-12-22T14:40:00.000-05:00,18.24,18.2406,18.23,18.235,13556
1703274060,2023-12-22T14:41:00.000-05:00,18.24,18.24,18.2301,18.235,13787
1703274120,2023-12-22T14:42:00.000-05:00,18.23,18.245,18.23,18.245,24196
1703274180,2023-12-22T14:43:00.000-05:00,18.2468,18.25,18.24,18.245,8409
1703274240,2023-12-22T14:44:00.000-05:00,18.2481,18.255,18.245,18.2501,22984
1703274300,2023-12-22T14:45:00.000-05:00,18.25,18.26,18.25,18.26,25977
1703274360,2023-12-22T14:46:00.000-05:00,18.26,18.27,18.255,18.255,16113
1703274420,2023-12-22T14:47:00.000-05:00,18.25,18.2597,18.24,18.245,35896
1703274480,2023-12-22T14:48:00.000-05:00,18.245,18.25,18.24,18.25,19878
1703274540,2023-12-22T14:49:00.000-05:00,18.245,18.25,18.245,18.2497,6908
1703274600,2023-12-22T14:50:00.000-05:00,18.25,18.255,18.245,18.245,37128
1703274660,2023-12-22T14:51:00.000-05:00,18.25,18.25,18.2401,18.245,8145
1703274720,2023-12-22T14:52:00.000-05:00,18.245,18.25,18.242,18.245,7270
1703274780,2023-12-22T14:53:00.000-05:00,18.25,18.26,18.25,18.26,14455
1703274840,2023-12-22T14:54:00.000-05:00,18.26,18.27,18.2599,18.26,39999
1703274900,2023-12-22T14:55:00.000-05:00,18.255,18.26,18.25,18.255,8043
1703274960,2023-12-22T14:56:00.000-05:00,18.255,18.26,18.25,18.26,3289
1703275020,2023-12-22T14:57:00.000-05:00,18.26,18.26,18.255,18.26,24516
1703275080,2023-12-22T14:58:00.000-05:00,18.265,18.27,18.2648,18.265,8835
1703275140,2023-12-22T14:59:00.000-05:00,18.27,18.28,18.26,18.275,20829
1703275200,2023-12-22T15:00:00.000-05:00,18.275,18.275,18.265,18.265,21035
1703275260,2023-12-22T15:01:00.000-05:00,18.265,18.265,18.25,18.25,19843
1703275320,2023-12-22T15:02:00.000-05:00,18.26,18.27,18.26,18.26,13261
1703275380,2023-12-22T15:03:00.000-05:00,18.268,18.27,18.265,18.27,10162
1703275440,2023-12-22T15:04:00.000-05:00,18.27,18.29,18.2699,18.29,72182
1703275500,2023-12-22T15:05:00.000-05:00,18.2899,18.3,18.2899,18.295,29709
1703275560,2023-12-22T15:06:00.000-05:00,18.295,18.295,18.2818,18.284,83586
1703275620,2023-12-22T15:07:00.000-05:00,18.29,18.305,18.2835,18.285,91403
1703275680,2023-12-22T15:08:00.000-05:00,18.285,18.2967,18.285,18.29,64099
1703275740,2023-12-22T15:09:00.000-05:00,18.29,18.29,18.28,18.285,10433
1703275800,2023-12-22T15:10:00.000-05:00,18.28,18.29,18.26,18.266,82480
1703275860,2023-12-22T15:11:00.000-05:00,18.265,18.2765,18.26,18.27,22193
1703275920,2023-12-22T15:12:00.000-05:00,18.2797,18.2797,18.2623,18.27,27144
1703275980,2023-12-22T15:13:00.000-05:00,18.2601,18.276,18.26,18.266,45340
1703276040,2023-12-22T15:14:00.000-05:00,18.265,18.28,18.2632,18.2703,45862
1703276100,2023-12-22T15:15:00.000-05:00,18.27,18.27,18.256,18.265,38537
1703276160,2023-12-22T15:16:00.000-05:00,18.265,18.27,18.26,18.265,19136
1703276220,2023-12-22T15:17:00.000-05:00,18.265,18.2699,18.26,18.2699,77620
1703276280,2023-12-22T15:18:00.000-05:00,18.26,18.26,18.25,18.25,35615
1703276340,2023-12-22T15:19:00.000-05:00,18.255,18.26,18.25,18.255,20798
1703276400,2023-12-22T15:20:00.000-05:00,18.2527,18.26,18.2501,18.255,12594
1703276460,2023-12-22T15:21:00.000-05:00,18.255,18.26,18.25,18.255,27904
1703276520,2023-12-22T15:22:00.000-05:00,18.255,18.26,18.255,18.26,16126
1703276580,2023-12-22T15:23:00.000-05:00,18.2593,18.26,18.25,18.25,22684
1703276640,2023-12-22T15:24:00.000-05:00,18.255,18.26,18.25,18.26,16188
1703276700,2023-12-22T15:25:00.000-05:00,18.2501,18.26,18.24,18.255,78739
1703276760,2023-12-22T15:26:00.000-05:00,18.255,18.2579,18.25,18.25,59967
1703276820,2023-12-22T15:27:00.000-05:00,18.25,18.251,18.24,18.245,46503
1703276880,2023-12-22T15:28:00.000-05:00,18.245,18.26,18.245,18.255,22852
1703276940,2023-12-22T15:29:00.000-05:00,18.2599,18.27,18.25,18.265,56328
1703277000,2023-12-22T15:30:00.000-05:00,18.27,18.27,18.26,18.265,12880
1703277060,2023-12-22T15:31:00.000-05:00,18.261,18.27,18.2601,18.265,15304
1703277120,2023-12-22T15:32:00.000-05:00,18.2601,18.275,18.26,18.2715,42635
1703277180,2023-12-22T15:33:00.000-05:00,18.275,18.285,18.2701,18.275,67831
1703277240,2023-12-22T15:34:00.000-05:00,18.2748,18.28,18.27,18.2729,12082
1703277300,2023-12-22T15:35:00.000-05:00,18.27,18.275,18.2531,18.255,50461
1703277360,2023-12-22T15:36:00.000-05:00,18.255,18.26,18.25,18.26,42520
1703277420,2023-12-22T15:37:00.000-05:00,18.265,18.265,18.26,18.265,24921
1703277480,2023-12-22T15:38:00.000-05:00,18.2601,18.265,18.25,18.2501,40531
1703277540,2023-12-22T15:39:00.000-05:00,18.2501,18.2557,18.25,18.255,20930
1703277600,2023-12-22T15:40:00.000-05:00,18.25,18.255,18.24,18.245,31370
1703277660,2023-12-22T15:41:00.000-05:00,18.2401,18.25,18.24,18.2438,16556
1703277720,2023-12-22T15:42:00.000-05:00,18.2401,18.255,18.23,18.23,156377
1703277780,2023-12-22T15:43:00.000-05:00,18.235,18.24,18.2349,18.24,17502
1703277840,2023-12-22T15:44:00.000-05:00,18.231,18.24,18.23,18.232,30264
1703277900,2023-12-22T15:45:00.000-05:00,18.2332,18.235,18.22,18.22,92674
1703277960,2023-12-22T15:46:00.000-05:00,18.223,18.23,18.22,18.22,39385
1703278020,2023-12-22T15:47:00.000-05:00,18.22,18.23,18.21,18.215,99289
1703278080,2023-12-22T15:48:00.000-05:00,18.22,18.22,18.205,18.205,50612
1703278140,2023-12-22T15:49:00.000-05:00,18.201,18.22,18.2,18.2199,105957
1703278200,2023-12-22T15:50:00.000-05:00,18.21,18.215,18.18,18.2,248022
1703278260,2023-12-22T15:51:00.000-05:00,18.2,18.22,18.2,18.21,112331
1703278320,2023-12-22T15:52:00.000-05:00,18.21,18.21,18.2,18.21,79475
1703278380,2023-12-22T15:53:00.000-05:00,18.21,18.21,18.2,18.205,79239
1703278440,2023-12-22T15:54:00.000-05:00,18.205,18.21,18.18,18.185,118510
1703278500,2023-12-22T15:55:00.000-05:00,18.19,18.19,18.18,18.185,68724
1703278560,2023-12-22T15:56:00.000-05:00,18.185,18.21,18.185,18.195,331870
1703278620,2023-12-22T15:57:00.000-05:00,18.2,18.2,18.19,18.195,69252
1703278680,2023-12-22T15:58:00.000-05:00,18.195,18.2,18.18,18.185,224299
1703278740,2023-12-22T15:59:00.000-05:00,18.185,18.19,18.16,18.16,524556
1703278800,2023-12-22T16:00:00.000-05:00,18.16,18.16,18.15,18.15,777451
1703279160,2023-12-22T16:06:00.000-05:00,18.16,18.16,18.1503,18.16,2046
1703279220,2023-12-22T16:07:00.000-05:00,18.16,18.16,18.16,18.16,47092
1703279640,2023-12-22T16:14:00.000-05:00,18.16,18.16,18.16,18.16,3108
1703279760,2023-12-22T16:16:00.000-05:00,18.15,18.15,18.15,18.15,2000
1703280180,2023-12-22T16:23:00.000-05:00,18.16,18.16,18.16,18.16,1000
1703280480,2023-12-22T16:28:00.000-05:00,18.17,18.17,18.17,18.17,2900
1703282340,2023-12-22T16:59:00.000-05:00,18.17,18.17,18.17,18.17,500
1703282460,2023-12-22T17:01:00.000-05:00,18.17,18.17,18.17,18.17,2702
1703282820,2023-12-22T17:07:00.000-05:00,18.18,18.18,18.18,18.18,200
1703283000,2023-12-22T17:10:00.000-05:00,18.18,18.18,18.18,18.18,503
1703283060,2023-12-22T17:11:00.000-05:00,18.18,18.18,18.18,18.18,150
1703283300,2023-12-22T17:15:00.000-05:00,18.18,18.18,18.18,18.18,102
1703283540,2023-12-22T17:19:00.000-05:00,18.18,18.18,18.18,18.18,103
1703283660,2023-12-22T17:21:00.000-05:00,18.19,18.19,18.19,18.19,500
1703284140,2023-12-22T17:29:00.000-05:00,18.18,18.18,18.18,18.18,100
1703286180,2023-12-22T18:03:00.000-05:00,18.1898,18.1898,18.1898,18.1898,200
1703288340,2023-12-22T18:39:00.000-05:00,18.19,18.19,18.19,18.19,601
1703288460,2023-12-22T18:41:00.000-05:00,18.19,18.19,18.19,18.19,395
1703288520,2023-12-22T18:42:00.000-05:00,18.2,18.2,18.2,18.2,407
1703288760,2023-12-22T18:46:00.000-05:00,18.2,18.2,18.2,18.2,1510
1703289120,2023-12-22T18:52:00.000-05:00,18.18,18.18,18.18,18.18,500
1703581320,2023-12-26T04:02:00.000-05:00,18.28,18.28,18.28,18.28,424
1703584620,2023-12-26T04:57:00.000-05:00,18.3,18.3,18.3,18.3,141
1703584740,2023-12-26T04:59:00.000-05:00,18.34,18.34,18.34,18.34,500
1703587920,2023-12-26T05:52:00.000-05:00,18.34,18.34,18.34,18.34,134
1703589360,2023-12-26T06:16:00.000-05:00,18.35,18.39,18.35,18.39,629
1703589420,2023-12-26T06:17:00.000-05:00,18.4,18.4,18.4,18.4,150
1703592000,2023-12-26T07:00:00.000-05:00,18.35,18.4102,18.35,18.38,9521
1703592240,2023-12-26T07:04:00.000-05:00,18.4,18.42,18.4,18.4,2005
1703592300,2023-12-26T07:05:00.000-05:00,18.4,18.4,18.4,18.4,300
1703592480,2023-12-26T07:08:00.000-05:00,18.41,18.41,18.41,18.41,125
1703592540,2023-12-26T07:09:00.000-05:00,18.41,18.41,18.41,18.41,1025
1703592660,2023-12-26T07:11:00.000-05:00,18.36,18.36,18.36,18.36,1000
1703592720,2023-12-26T07:12:00.000-05:00,18.35,18.35,18.35,18.35,100
1703593020,2023-12-26T07:17:00.000-05:00,18.35,18.35,18.35,18.35,309
1703593140,2023-12-26T07:19:00.000-05:00,18.34,18.34,18.34,18.34,566
1703593200,2023-12-26T07:20:00.000-05:00,18.31,18.31,18.31,18.31,1018
1703593320,2023-12-26T07:22:00.000-05:00,18.31,18.31,18.3,18.3,440
1703593440,2023-12-26T07:24:00.000-05:00,18.3,18.3,18.3,18.3,1700
1703593560,2023-12-26T07:26:00.000-05:00,18.33,18.33,18.33,18.33,100
1703593860,2023-12-26T07:31:00.000-05:00,18.3299,18.3299,18.3299,18.3299,201
1703593920,2023-12-26T07:32:00.000-05:00,18.33,18.33,18.33,18.33,1693
1703593980,2023-12-26T07:33:00.000-05:00,18.36,18.36,18.36,18.36,100
1703594520,2023-12-26T07:42:00.000-05:00,18.33,18.33,18.33,18.33,110
1703594580,2023-12-26T07:43:00.000-05:00,18.3313,18.3313,18.3313,18.3313,1000
1703594640,2023-12-26T07:44:00.000-05:00,18.33,18.33,18.33,18.33,1000
1703594700,2023-12-26T07:45:00.000-05:00,18.33,18.33,18.33,18.33,502
1703594820,2023-12-26T07:47:00.000-05:00,18.33,18.33,18.33,18.33,3200
1703594880,2023-12-26T07:48:00.000-05:00,18.3302,18.3302,18.3302,18.3302,200
1703594940,2023-12-26T07:49:00.000-05:00,18.33,18.33,18.33,18.33,200
1703595000,2023-12-26T07:50:00.000-05:00,18.33,18.37,18.33,18.33,1782
1703595060,2023-12-26T07:51:00.000-05:00,18.35,18.35,18.35,18.35,124
1703595540,2023-12-26T07:59:00.000-05:00,18.32,18.32,18.32,18.32,153
1703595600,2023-12-26T08:00:00.000-05:00,18.32,18.32,18.32,18.32,155
1703595660,2023-12-26T08:01:00.000-05:00,18.32,18.32,18.32,18.32,350
1703595720,2023-12-26T08:02:00.000-05:00,18.31,18.31,18.31,18.31,450
1703595780,2023-12-26T08:03:00.000-05:00,18.33,18.33,18.33,18.33,725
1703596020,2023-12-26T08:07:00.000-05:00,18.3395,18.3395,18.3395,18.3395,263
1703596140,2023-12-26T08:09:00.000-05:00,18.31,18.31,18.31,18.31,1850
1703596320,2023-12-26T08:12:00.000-05:00,18.31,18.31,18.31,18.31,741
1703596380,2023-12-26T08:13:00.000-05:00,18.31,18.31,18.31,18.31,705
1703596560,2023-12-26T08:16:00.000-05:00,18.31,18.31,18.31,18.31,1246
1703596860,2023-12-26T08:21:00.000-05:00,18.31,18.31,18.31,18.31,351
1703597160,2023-12-26T08:26:00.000-05:00,18.34,18.34,18.34,18.34,1001
1703597220,2023-12-26T08:27:00.000-05:00,18.31,18.34,18.31,18.34,1278
1703597700,2023-12-26T08:35:00.000-05:00,18.31,18.31,18.31,18.31,1015
1703598060,2023-12-26T08:41:00.000-05:00,18.31,18.31,18.31,18.31,1051
1703598240,2023-12-26T08:44:00.000-05:00,18.3,18.3,18.3,18.3,256
1703598480,2023-12-26T08:48:00.000-05:00,18.2993,18.2993,18.2993,18.2993,800
1703598540,2023-12-26T08:49:00.000-05:00,18.3,18.3,18.3,18.3,300
1703598960,2023-12-26T08:56:00.000-05:00,18.3,18.3,18.3,18.3,1015
1703599200,2023-12-26T09:00:00.000-05:00,18.27,18.27,18.27,18.27,254
1703599260,2023-12-26T09:01:00.000-05:00,18.26,18.26,18.26,18.26,324
1703599320,2023-12-26T09:02:00.000-05:00,18.26,18.26,18.26,18.26,1503
1703599380,2023-12-26T09:03:00.000-05:00,18.26,18.26,18.26,18.26,203
1703599440,2023-12-26T09:04:00.000-05:00,18.25,18.2993,18.23,18.2993,2489
1703599500,2023-12-26T09:05:00.000-05:00,18.22,18.22,18.22,18.22,528
1703599620,2023-12-26T09:07:00.000-05:00,18.22,18.22,18.22,18.22,101
1703599920,2023-12-26T09:12:00.000-05:00,18.29,18.29,18.29,18.29,550
1703599980,2023-12-26T09:13:00.000-05:00,18.22,18.22,18.22,18.22,113
1703600520,2023-12-26T09:22:00.000-05:00,18.27,18.27,18.27,18.27,501
1703600640,2023-12-26T09:24:00.000-05:00,18.29,18.29,18.29,18.29,126
1703600940,2023-12-26T09:29:00.000-05:00,18.26,18.27,18.26,18.27,1002
1703601000,2023-12-26T09:30:00.000-05:00,18.31,18.31,18.3,18.3,4480
1703601060,2023-12-26T09:31:00.000-05:00,18.27,18.285,18.245,18.26,208852
1703601120,2023-12-26T09:32:00.000-05:00,18.27,18.3194,18.265,18.2983,19761
1703601180,2023-12-26T09:33:00.000-05:00,18.291,18.3,18.28,18.29,16890
1703601240,2023-12-26T09:34:00.000-05:00,18.295,18.31,18.29,18.31,18007
1703601300,2023-12-26T09:35:00.000-05:00,18.31,18.31,18.23,18.23,36486
1703601360,2023-12-26T09:36:00.000-05:00,18.225,18.235,18.215,18.2199,33513
1703601420,2023-12-26T09:37:00.000-05:00,18.22,18.23,18.22,18.22,16844
1703601480,2023-12-26T09:38:00.000-05:00,18.2248,18.23,18.2218,18.2218,7934
1703601540,2023-12-26T09:39:00.000-05:00,18.225,18.23,18.22,18.22,15949
1703601600,2023-12-26T09:40:00.000-05:00,18.215,18.2188,18.19,18.195,35007
1703601660,2023-12-26T09:41:00.000-05:00,18.1999,18.2,18.18,18.18,13734
1703601720,2023-12-26T09:42:00.000-05:00,18.19,18.2088,18.19,18.2088,10043
1703601780,2023-12-26T09:43:00.000-05:00,18.205,18.215,18.2,18.2123,14163
1703601840,2023-12-26T09:44:00.000-05:00,18.21,18.231,18.2,18.205,22386
1703601900,2023-12-26T09:45:00.000-05:00,18.21,18.2199,18.1796,18.18,32544
1703601960,2023-12-26T09:46:00.000-05:00,18.18,18.1906,18.18,18.1906,14383
1703602020,2023-12-26T09:47:00.000-05:00,18.195,18.2,18.19,18.1914,20055
1703602080,2023-12-26T09:48:00.000-05:00,18.2,18.215,18.195,18.195,22759
1703602140,2023-12-26T09:49:00.000-05:00,18.195,18.1978,18.18,18.185,8793
1703602200,2023-12-26T09:50:00.000-05:00,18.185,18.19,18.1822,18.19,9821
1703602260,2023-12-26T09:51:00.000-05:00,18.19,18.19,18.17,18.17,22530
1703602320,2023-12-26T09:52:00.000-05:00,18.17,18.18,18.17,18.175,10933
1703602380,2023-12-26T09:53:00.000-05:00,18.1701,18.18,18.1701,18.1725,7876
1703602440,2023-12-26T09:54:00.000-05:00,18.175,18.2,18.173,18.195,12142
1703602500,2023-12-26T09:55:00.000-05:00,18.195,18.2068,18.195,18.2,20638
1703602560,2023-12-26T09:56:00.000-05:00,18.2074,18.2074,18.17,18.175,51354
1703602620,2023-12-26T09:57:00.000-05:00,18.1799,18.19,18.1799,18.185,16424
1703602680,2023-12-26T09:58:00.000-05:00,18.18,18.181,18.14,18.1595,51074
1703602740,2023-12-26T09:59:00.000-05:00,18.16,18.1688,18.155,18.161,9178
1703602800,2023-12-26T10:00:00.000-05:00,18.1615,18.17,18.15,18.15,10524
1703602860,2023-12-26T10:01:00.000-05:00,18.151,18.16,18.15,18.151,11483
1703602920,2023-12-26T10:02:00.000-05:00,18.155,18.16,18.15,18.155,3960
1703602980,2023-12-26T10:03:00.000-05:00,18.155,18.17,18.155,18.165,11608
1703603040,2023-12-26T10:04:00.000-05:00,18.161,18.185,18.16,18.1797,36617
1703603100,2023-12-26T10:05:00.000-05:00,18.18,18.185,18.17,18.185,18246
1703603160,2023-12-26T10:06:00.000-05:00,18.18,18.1999,18.18,18.1999,22280
1703603220,2023-12-26T10:07:00.000-05:00,18.19,18.22,18.19,18.2184,13254
1703603280,2023-12-26T10:08:00.000-05:00,18.22,18.23,18.215,18.229,18464
1703603340,2023-12-26T10:09:00.000-05:00,18.2246,18.23,18.2,18.2,38262
1703603400,2023-12-26T10:10:00.000-05:00,18.19,18.19,18.18,18.1899,9784
1703603460,2023-12-26T10:11:00.000-05:00,18.185,18.19,18.18,18.185,5889
1703603520,2023-12-26T10:12:00.000-05:00,18.1878,18.1892,18.18,18.18,9782
1703603580,2023-12-26T10:13:00.000-05:00,18.18,18.19,18.18,18.19,10542
1703603640,2023-12-26T10:14:00.000-05:00,18.1803,18.19,18.18,18.19,4134
1703603700,2023-12-26T10:15:00.000-05:00,18.185,18.1948,18.18,18.19,7995
1703603760,2023-12-26T10:16:00.000-05:00,18.19,18.195,18.185,18.19,16452
1703603820,2023-12-26T10:17:00.000-05:00,18.19,18.21,18.19,18.21,20032
1703603880,2023-12-26T10:18:00.000-05:00,18.21,18.21,18.2,18.205,6753
1703603940,2023-12-26T10:19:00.000-05:00,18.21,18.22,18.21,18.22,11642
1703604000,2023-12-26T10:20:00.000-05:00,18.21,18.23,18.21,18.23,10342
1703604060,2023-12-26T10:21:00.000-05:00,18.225,18.225,18.215,18.2171,9760
1703604120,2023-12-26T10:22:00.000-05:00,18.22,18.22,18.21,18.22,12598
1703604180,2023-12-26T10:23:00.000-05:00,18.21,18.2199,18.2,18.205,12345
1703604240,2023-12-26T10:24:00.000-05:00,18.2,18.21,18.2,18.2,7608
1703604300,2023-12-26T10:25:00.000-05:00,18.19,18.1901,18.18,18.1827,11358
1703604360,2023-12-26T10:26:00.000-05:00,18.185,18.19,18.18,18.185,1798
1703604420,2023-12-26T10:27:00.000-05:00,18.185,18.185,18.175,18.18,15103
1703604480,2023-12-26T10:28:00.000-05:00,18.175,18.175,18.16,18.16,15584
1703604540,2023-12-26T10:29:00.000-05:00,18.16,18.16,18.15,18.155,13438
1703604600,2023-12-26T10:30:00.000-05:00,18.155,18.158,18.15,18.155,2410
1703604660,2023-12-26T10:31:00.000-05:00,18.1596,18.1799,18.15,18.17,32022
1703604720,2023-12-26T10:32:00.000-05:00,18.175,18.185,18.175,18.185,22045
1703604780,2023-12-26T10:33:00.000-05:00,18.185,18.19,18.1601,18.1602,49480
1703604840,2023-12-26T10:34:00.000-05:00,18.16,18.16,18.141,18.141,10198
1703604900,2023-12-26T10:35:00.000-05:00,18.1452,18.15,18.14,18.14,8696
1703604960,2023-12-26T10:36:00.000-05:00,18.14,18.1467,18.13,18.1301,13779
1703605020,2023-12-26T10:37:00.000-05:00,18.1306,18.1388,18.13,18.13,3061
1703605080,2023-12-26T10:38:00.000-05:00,18.13,18.1393,18.13,18.1393,8917
1703605140,2023-12-26T10:39:00.000-05:00,18.14,18.1452,18.13,18.1452,23899
1703605200,2023-12-26T10:40:00.000-05:00,18.1499,18.16,18.14,18.1553,38499
1703605260,2023-12-26T10:41:00.000-05:00,18.155,18.17,18.155,18.165,29023
1703605320,2023-12-26T10:42:00.000-05:00,18.17,18.17,18.155,18.155,21945
1703605380,2023-12-26T10:43:00.000-05:00,18.15,18.1502,18.1401,18.1401,8611
1703605440,2023-12-26T10:44:00.000-05:00,18.15,18.15,18.14,18.145,8643
1703605500,2023-12-26T10:45:00.000-05:00,18.145,18.16,18.14,18.16,10679
1703605560,2023-12-26T10:46:00.000-05:00,18.16,18.16,18.15,18.155,12323
1703605620,2023-12-26T10:47:00.000-05:00,18.15,18.1684,18.15,18.165,16089
1703605680,2023-12-26T10:48:00.000-05:00,18.17,18.18,18.1699,18.18,11361
1703605740,2023-12-26T10:49:00.000-05:00,18.18,18.18,18.17,18.178,2573
1703605800,2023-12-26T10:50:00.000-05:00,18.175,18.18,18.165,18.165,15613
1703605860,2023-12-26T10:51:00.000-05:00,18.165,18.17,18.155,18.155,25487
1703605920,2023-12-26T10:52:00.000-05:00,18.1542,18.157,18.15,18.1501,1481
1703605980,2023-12-26T10:53:00.000-05:00,18.16,18.17,18.15,18.1699,10728
1703606040,2023-12-26T10:54:00.000-05:00,18.1698,18.17,18.16,18.168,3332
1703606100,2023-12-26T10:55:00.000-05:00,18.165,18.1699,18.16,18.165,14401
1703606160,2023-12-26T10:56:00.000-05:00,18.17,18.17,18.1601,18.164,10947
1703606220,2023-12-26T10:57:00.000-05:00,18.165,18.17,18.1645,18.1699,11850
1703606280,2023-12-26T10:58:00.000-05:00,18.17,18.17,18.165,18.165,15316
1703606340,2023-12-26T10:59:00.000-05:00,18.17,18.17,18.145,18.152,44645
1703606400,2023-12-26T11:00:00.000-05:00,18.155,18.155,18.14,18.1453,11089
1703606460,2023-12-26T11:01:00.000-05:00,18.1401,18.1499,18.14,18.14,7180
1703606520,2023-12-26T11:02:00.000-05:00,18.14,18.1473,18.14,18.145,15216
1703606580,2023-12-26T11:03:00.000-05:00,18.14,18.15,18.13,18.1301,22906
1703606640,2023-12-26T11:04:00.000-05:00,18.13,18.14,18.13,18.135,12027
1703606700,2023-12-26T11:05:00.000-05:00,18.135,18.14,18.13,18.135,12591
1703606760,2023-12-26T11:06:00.000-05:00,18.135,18.1499,18.13,18.1402,19117
1703606820,2023-12-26T11:07:00.000-05:00,18.14,18.155,18.14,18.145,31817
1703606880,2023-12-26T11:08:00.000-05:00,18.145,18.16,18.145,18.1501,18341
1703606940,2023-12-26T11:09:00.000-05:00,18.15,18.15,18.1476,18.1476,7688
1703607000,2023-12-26T11:10:00.000-05:00,18.1401,18.1402,18.14,18.14,3169
1703607060,2023-12-26T11:11:00.000-05:00,18.14,18.14,18.135,18.135,17566
1703607120,2023-12-26T11:12:00.000-05:00,18.1301,18.1395,18.1301,18.135,2637
1703607180,2023-12-26T11:13:00.000-05:00,18.1393,18.14,18.135,18.135,6236
1703607240,2023-12-26T11:14:00.000-05:00,18.1301,18.14,18.13,18.1301,4084
1703607300,2023-12-26T11:15:00.000-05:00,18.135,18.14,18.1301,18.14,10901
1703607360,2023-12-26T11:16:00.000-05:00,18.13,18.14,18.11,18.1113,27404
1703607420,2023-12-26T11:17:00.000-05:00,18.12,18.12,18.11,18.1103,8377
1703607480,2023-12-26T11:18:00.000-05:00,18.11,18.12,18.1,18.115,18873
1703607540,2023-12-26T11:19:00.000-05:00,18.1186,18.12,18.11,18.115,8072
1703607600,2023-12-26T11:20:00.000-05:00,18.115,18.12,18.11,18.1192,9879
1703607660,2023-12-26T11:21:00.000-05:00,18.1199,18.12,18.115,18.115,9250
1703607720,2023-12-26T11:22:00.000-05:00,18.11,18.12,18.11,18.1199,2247
1703607780,2023-12-26T11:23:00.000-05:00,18.12,18.13,18.115,18.125,11848
1703607840,2023-12-26T11:24:00.000-05:00,18.125,18.13,18.125,18.13,8708
1703607900,2023-12-26T11:25:00.000-05:00,18.125,18.135,18.12,18.13,40042
1703607960,2023-12-26T11:26:00.000-05:00,18.1394,18.15,18.1323,18.14,66347
1703608020,2023-12-26T11:27:00.000-05:00,18.1425,18.15,18.14,18.1499,10506
1703608080,2023-12-26T11:28:00.000-05:00,18.1415,18.1433,18.1302,18.1308,27229
1703608140,2023-12-26T11:29:00.000-05:00,18.135,18.14,18.135,18.14,1908
1703608200,2023-12-26T11:30:00.000-05:00,18.1396,18.145,18.13,18.13,21272
1703608260,2023-12-26T11:31:00.000-05:00,18.14,18.14,18.13,18.131,8407
1703608320,2023-12-26T11:32:00.000-05:00,18.1379,18.1497,18.1346,18.1457,16914
1703608380,2023-12-26T11:33:00.000-05:00,18.145,18.15,18.14,18.15,3979
1703608440,2023-12-26T11:34:00.000-05:00,18.15,18.155,18.14,18.155,22193
1703608500,2023-12-26T11:35:00.000-05:00,18.1501,18.155,18.1465,18.1499,11967
1703608560,2023-12-26T11:36:00.000-05:00,18.1482,18.15,18.1432,18.145,6422
1703608620,2023-12-26T11:37:00.000-05:00,18.1499,18.15,18.145,18.145,2914
1703608680,2023-12-26T11:38:00.000-05:00,18.1491,18.1499,18.141,18.141,4887
1703608740,2023-12-26T11:39:00.000-05:00,18.145,18.1487,18.144,18.1487,1327
1703608800,2023-12-26T11:40:00.000-05:00,18.15,18.15,18.14,18.1425,3604
1703608860,2023-12-26T11:41:00.000-05:00,18.145,18.15,18.145,18.145,3486
1703608920,2023-12-26T11:42:00.000-05:00,18.145,18.145,18.14,18.1408,19015
1703608980,2023-12-26T11:43:00.000-05:00,18.14,18.1402,18.13,18.1301,24954
1703609040,2023-12-26T11:44:00.000-05:00,18.13,18.14,18.13,18.14,6306
1703609100,2023-12-26T11:45:00.000-05:00,18.135,18.14,18.13,18.1397,21470
1703609160,2023-12-26T11:46:00.000-05:00,18.135,18.14,18.13,18.135,1864
1703609220,2023-12-26T11:47:00.000-05:00,18.135,18.135,18.13,18.1304,4986
1703609280,2023-12-26T11:48:00.000-05:00,18.135,18.14,18.13,18.135,4513
1703609340,2023-12-26T11:49:00.000-05:00,18.135,18.135,18.12,18.12,13657
1703609400,2023-12-26T11:50:00.000-05:00,18.12,18.12,18.115,18.115,12171
1703609460,2023-12-26T11:51:00.000-05:00,18.115,18.13,18.11,18.125,15784
1703609520,2023-12-26T11:52:00.000-05:00,18.12,18.1261,18.12,18.1261,7223
1703609580,2023-12-26T11:53:00.000-05:00,18.125,18.13,18.1201,18.125,12797
1703609640,2023-12-26T11:54:00.000-05:00,18.1299,18.1398,18.1252,18.135,23089
1703609700,2023-12-26T11:55:00.000-05:00,18.135,18.1399,18.13,18.13,16512
1703609760,2023-12-26T11:56:00.000-05:00,18.135,18.1399,18.135,18.1399,8509
1703609820,2023-12-26T11:57:00.000-05:00,18.135,18.14,18.13,18.14,3732
1703609880,2023-12-26T11:58:00.000-05:00,18.14,18.1599,18.13,18.1515,42219
1703609940,2023-12-26T11:59:00.000-05:00,18.155,18.17,18.15,18.1601,79780
1703610000,2023-12-26T12:00:00.000-05:00,18.16,18.1699,18.16,18.165,6878
1703610060,2023-12-26T12:01:00.000-05:00,18.1648,18.17,18.16,18.165,3927
1703610120,2023-12-26T12:02:00.000-05:00,18.165,18.165,18.15,18.1562,24560
1703610180,2023-12-26T12:03:00.000-05:00,18.15,18.15,18.15,18.15,2053
1703610240,2023-12-26T12:04:00.000-05:00,18.155,18.1564,18.15,18.15,2040
1703610300,2023-12-26T12:05:00.000-05:00,18.1599,18.16,18.15,18.1599,7976
1703610360,2023-12-26T12:06:00.000-05:00,18.15,18.16,18.15,18.1598,8544
1703610420,2023-12-26T12:07:00.000-05:00,18.155,18.16,18.15,18.16,9884
1703610480,2023-12-26T12:08:00.000-05:00,18.155,18.1599,18.155,18.1599,3919
1703610540,2023-12-26T12:09:00.000-05:00,18.1594,18.16,18.1525,18.16,3469
1703610600,2023-12-26T12:10:00.000-05:00,18.155,18.16,18.155,18.155,4849
1703610660,2023-12-26T12:11:00.000-05:00,18.16,18.16,18.155,18.16,4681
1703610720,2023-12-26T12:12:00.000-05:00,18.1599,18.16,18.1501,18.16,2797
1703610780,2023-12-26T12:13:00.000-05:00,18.155,18.16,18.1525,18.155,6987
1703610840,2023-12-26T12:14:00.000-05:00,18.16,18.16,18.1504,18.1516,6282
1703610900,2023-12-26T12:15:00.000-05:00,18.155,18.1587,18.15,18.1587,2329
1703610960,2023-12-26T12:16:00.000-05:00,18.155,18.17,18.15,18.165,30354
1703611020,2023-12-26T12:17:00.000-05:00,18.1601,18.17,18.1601,18.17,3193
1703611080,2023-12-26T12:18:00.000-05:00,18.16,18.1676,18.16,18.16,6660
1703611140,2023-12-26T12:19:00.000-05:00,18.165,18.165,18.16,18.16,6034
1703611200,2023-12-26T12:20:00.000-05:00,18.1667,18.1667,18.15,18.16,34491
1703611260,2023-12-26T12:21:00.000-05:00,18.155,18.17,18.15,18.165,25951
1703611320,2023-12-26T12:22:00.000-05:00,18.165,18.18,18.16,18.17,23426
1703611380,2023-12-26T12:23:00.000-05:00,18.175,18.175,18.16,18.161,11901
1703611440,2023-12-26T12:24:00.000-05:00,18.17,18.17,18.1585,18.1615,16546
1703611500,2023-12-26T12:25:00.000-05:00,18.165,18.1699,18.16,18.1699,2234
1703611560,2023-12-26T12:26:00.000-05:00,18.1631,18.17,18.16,18.16,42137
1703611680,2023-12-26T12:28:00.000-05:00,18.165,18.17,18.16,18.17,1223
1703611740,2023-12-26T12:29:00.000-05:00,18.165,18.18,18.16,18.18,22754
1703611800,2023-12-26T12:30:00.000-05:00,18.178,18.178,18.1732,18.175,3680
1703611860,2023-12-26T12:31:00.000-05:00,18.1799,18.1799,18.15,18.1577,43697
1703611920,2023-12-26T12:32:00.000-05:00,18.155,18.155,18.155,18.155,454
1703611980,2023-12-26T12:33:00.000-05:00,18.1588,18.1588,18.13,18.135,47423
1703612040,2023-12-26T12:34:00.000-05:00,18.14,18.14,18.135,18.135,1103
1703612100,2023-12-26T12:35:00.000-05:00,18.135,18.1399,18.13,18.13,16166
1703612160,2023-12-26T12:36:00.000-05:00,18.132,18.1398,18.13,18.135,5090
1703612220,2023-12-26T12:37:00.000-05:00,18.135,18.1379,18.1332,18.135,2159
1703612280,2023-12-26T12:38:00.000-05:00,18.13,18.1399,18.13,18.135,1591
1703612340,2023-12-26T12:39:00.000-05:00,18.13,18.14,18.125,18.125,16435
1703612400,2023-12-26T12:40:00.000-05:00,18.125,18.14,18.12,18.135,13104
1703612460,2023-12-26T12:41:00.000-05:00,18.14,18.14,18.135,18.135,3942
1703612520,2023-12-26T12:42:00.000-05:00,18.1323,18.14,18.13,18.135,8292
1703612580,2023-12-26T12:43:00.000-05:00,18.135,18.1388,18.13,18.1311,12632
1703612640,2023-12-26T12:44:00.000-05:00,18.1302,18.1352,18.13,18.1322,8564
1703612700,2023-12-26T12:45:00.000-05:00,18.13,18.1399,18.13,18.135,1475
1703612760,2023-12-26T12:46:00.000-05:00,18.135,18.1354,18.13,18.135,7996
1703612820,2023-12-26T12:47:00.000-05:00,18.13,18.14,18.13,18.135,9394
1703612880,2023-12-26T12:48:00.000-05:00,18.135,18.14,18.1305,18.14,23275
1703612940,2023-12-26T12:49:00.000-05:00,18.13,18.1499,18.13,18.145,19765
1703613000,2023-12-26T12:50:00.000-05:00,18.1432,18.1468,18.14,18.141,6822
1703613060,2023-12-26T12:51:00.000-05:00,18.141,18.145,18.14,18.14,3882
1703613120,2023-12-26T12:52:00.000-05:00,18.145,18.15,18.14,18.141,4479
1703613180,2023-12-26T12:53:00.000-05:00,18.145,18.145,18.14,18.14,1654
1703613240,2023-12-26T12:54:00.000-05:00,18.145,18.15,18.13,18.13,37735
1703613300,2023-12-26T12:55:00.000-05:00,18.13,18.14,18.12,18.125,38303
1703613360,2023-12-26T12:56:00.000-05:00,18.12,18.13,18.12,18.125,20605
1703613420,2023-12-26T12:57:00.000-05:00,18.13,18.13,18.11,18.12,30665
1703613480,2023-12-26T12:58:00.000-05:00,18.115,18.12,18.1101,18.1116,2694
1703613540,2023-12-26T12:59:00.000-05:00,18.115,18.1199,18.11,18.11,5933
1703613600,2023-12-26T13:00:00.000-05:00,18.11,18.12,18.11,18.1158,5848
1703613660,2023-12-26T13:01:00.000-05:00,18.115,18.115,18.1,18.11,11723
1703613720,2023-12-26T13:02:00.000-05:00,18.1,18.1078,18.1,18.105,2326
1703613780,2023-12-26T13:03:00.000-05:00,18.107,18.12,18.1,18.115,12169
1703613840,2023-12-26T13:04:00.000-05:00,18.12,18.12,18.115,18.115,5259
1703613900,2023-12-26T13:05:00.000-05:00,18.111,18.1199,18.111,18.1194,3424
1703613960,2023-12-26T13:06:00.000-05:00,18.115,18.13,18.11,18.125,5088
1703614020,2023-12-26T13:07:00.000-05:00,18.12,18.13,18.12,18.125,3250
1703614080,2023-12-26T13:08:00.000-05:00,18.1203,18.13,18.1203,18.13,4352
1703614140,2023-12-26T13:09:00.000-05:00,18.13,18.13,18.12,18.13,4412
1703614200,2023-12-26T13:10:00.000-05:00,18.125,18.13,18.12,18.125,3599
1703614260,2023-12-26T13:11:00.000-05:00,18.12,18.125,18.115,18.1189,7910
1703614320,2023-12-26T13:12:00.000-05:00,18.1182,18.12,18.11,18.11,13380
1703614380,2023-12-26T13:13:00.000-05:00,18.115,18.1199,18.11,18.115,3185
1703614440,2023-12-26T13:14:00.000-05:00,18.11,18.115,18.11,18.115,1003
1703614500,2023-12-26T13:15:00.000-05:00,18.11,18.11,18.1,18.1,22278
1703614560,2023-12-26T13:16:00.000-05:00,18.1054,18.1054,18.1,18.105,2831
1703614620,2023-12-26T13:17:00.000-05:00,18.105,18.1099,18.1,18.105,1478
1703614680,2023-12-26T13:18:00.000-05:00,18.1,18.11,18.1,18.11,1237
1703614740,2023-12-26T13:19:00.000-05:00,18.105,18.106,18.09,18.095,39738
1703614800,2023-12-26T13:20:00.000-05:00,18.091,18.1,18.09,18.09,78515
1703614860,2023-12-26T13:21:00.000-05:00,18.091,18.091,18.09,18.09,1801
1703614920,2023-12-26T13:22:00.000-05:00,18.09,18.1,18.09,18.095,30581
1703614980,2023-12-26T13:23:00.000-05:00,18.1,18.1099,18.095,18.105,13642
1703615040,2023-12-26T13:24:00.000-05:00,18.11,18.13,18.11,18.13,19845
1703615100,2023-12-26T13:25:00.000-05:00,18.125,18.131,18.12,18.1203,31705
1703615160,2023-12-26T13:26:00.000-05:00,18.12,18.1261,18.12,18.12,4088
1703615220,2023-12-26T13:27:00.000-05:00,18.1201,18.13,18.12,18.125,3759
1703615280,2023-12-26T13:28:00.000-05:00,18.125,18.1282,18.12,18.125,1639
1703615340,2023-12-26T13:29:00.000-05:00,18.125,18.13,18.12,18.12,2401
1703615400,2023-12-26T13:30:00.000-05:00,18.12,18.13,18.12,18.13,17459
1703615460,2023-12-26T13:31:00.000-05:00,18.13,18.14,18.13,18.1391,26079
1703615520,2023-12-26T13:32:00.000-05:00,18.135,18.1352,18.13,18.135,3270
1703615580,2023-12-26T13:33:00.000-05:00,18.1353,18.1353,18.13,18.13,6232
1703615640,2023-12-26T13:34:00.000-05:00,18.13,18.13,18.121,18.1228,12937
1703615700,2023-12-26T13:35:00.000-05:00,18.1262,18.1262,18.11,18.11,11358
1703615760,2023-12-26T13:36:00.000-05:00,18.115,18.115,18.11,18.11,3067
1703615820,2023-12-26T13:37:00.000-05:00,18.115,18.1199,18.11,18.115,2683
1703615880,2023-12-26T13:38:00.000-05:00,18.1123,18.1123,18.11,18.1101,1363
1703615940,2023-12-26T13:39:00.000-05:00,18.111,18.111,18.105,18.105,10175
1703616000,2023-12-26T13:40:00.000-05:00,18.105,18.11,18.1017,18.1099,12113
1703616060,2023-12-26T13:41:00.000-05:00,18.105,18.1099,18.105,18.1099,1174
1703616120,2023-12-26T13:42:00.000-05:00,18.105,18.11,18.1,18.105,4560
1703616180,2023-12-26T13:43:00.000-05:00,18.1,18.11,18.1,18.105,6738
1703616240,2023-12-26T13:44:00.000-05:00,18.105,18.105,18.1,18.1,9892
1703616300,2023-12-26T13:45:00.000-05:00,18.1,18.1099,18.1,18.104,4105
1703616360,2023-12-26T13:46:00.000-05:00,18.1,18.1072,18.1,18.1,7522
1703616420,2023-12-26T13:47:00.000-05:00,18.1001,18.1099,18.1,18.1014,3192
1703616480,2023-12-26T13:48:00.000-05:00,18.105,18.11,18.1,18.1,19238
1703616540,2023-12-26T13:49:00.000-05:00,18.1065,18.1099,18.1,18.105,6859
1703616600,2023-12-26T13:50:00.000-05:00,18.105,18.105,18.1,18.1,3777
1703616660,2023-12-26T13:51:00.000-05:00,18.1,18.1,18.0929,18.095,17164
1703616720,2023-12-26T13:52:00.000-05:00,18.095,18.095,18.09,18.095,4091
1703616780,2023-12-26T13:53:00.000-05:00,18.095,18.0968,18.09,18.09,20106
1703616840,2023-12-26T13:54:00.000-05:00,18.1,18.1,18.09,18.0999,1463
1703616900,2023-12-26T13:55:00.000-05:00,18.09,18.0904,18.075,18.08,101191
1703616960,2023-12-26T13:56:00.000-05:00,18.085,18.085,18.08,18.08,4579
1703617020,2023-12-26T13:57:00.000-05:00,18.0875,18.0875,18.08,18.08,1636
1703617080,2023-12-26T13:58:00.000-05:00,18.0801,18.085,18.08,18.085,3451
1703617140,2023-12-26T13:59:00.000-05:00,18.0899,18.0899,18.08,18.0801,1429
1703617200,2023-12-26T14:00:00.000-05:00,18.0899,18.09,18.08,18.08,6877
1703617260,2023-12-26T14:01:00.000-05:00,18.085,18.085,18.08,18.085,3617
1703617320,2023-12-26T14:02:00.000-05:00,18.08,18.09,18.08,18.08,11287
1703617380,2023-12-26T14:03:00.000-05:00,18.0899,18.0899,18.08,18.085,4233
1703617440,2023-12-26T14:04:00.000-05:00,18.08,18.085,18.08,18.085,4305
1703617500,2023-12-26T14:05:00.000-05:00,18.085,18.086,18.07,18.075,5948
1703617560,2023-12-26T14:06:00.000-05:00,18.08,18.0875,18.075,18.085,19434
1703617620,2023-12-26T14:07:00.000-05:00,18.085,18.086,18.08,18.085,2335
1703617680,2023-12-26T14:08:00.000-05:00,18.0898,18.0898,18.0803,18.085,2010
1703617740,2023-12-26T14:09:00.000-05:00,18.08,18.09,18.08,18.0875,6205
1703617800,2023-12-26T14:10:00.000-05:00,18.09,18.09,18.08,18.085,4751
1703617860,2023-12-26T14:11:00.000-05:00,18.0864,18.0899,18.07,18.07,47944
1703617920,2023-12-26T14:12:00.000-05:00,18.07,18.08,18.07,18.0799,14785
1703617980,2023-12-26T14:13:00.000-05:00,18.077,18.0784,18.07,18.075,3032
1703618040,2023-12-26T14:14:00.000-05:00,18.08,18.085,18.075,18.085,9406
1703618100,2023-12-26T14:15:00.000-05:00,18.0801,18.085,18.08,18.08,6199
1703618160,2023-12-26T14:16:00.000-05:00,18.0805,18.0878,18.08,18.08,3924
1703618220,2023-12-26T14:17:00.000-05:00,18.08,18.089,18.08,18.089,12369
1703618280,2023-12-26T14:18:00.000-05:00,18.0813,18.085,18.0813,18.085,2633
1703618340,2023-12-26T14:19:00.000-05:00,18.085,18.11,18.08,18.105,84784
1703618400,2023-12-26T14:20:00.000-05:00,18.105,18.11,18.105,18.11,1340
1703618460,2023-12-26T14:21:00.000-05:00,18.105,18.105,18.1,18.105,9539
1703618520,2023-12-26T14:22:00.000-05:00,18.105,18.11,18.105,18.105,4430
1703618580,2023-12-26T14:23:00.000-05:00,18.105,18.11,18.1,18.1028,8481
1703618640,2023-12-26T14:24:00.000-05:00,18.105,18.11,18.1,18.105,9666
1703618700,2023-12-26T14:25:00.000-05:00,18.1,18.11,18.1,18.11,11557
1703618760,2023-12-26T14:26:00.000-05:00,18.108,18.11,18.1,18.102,2105
1703618820,2023-12-26T14:27:00.000-05:00,18.105,18.11,18.105,18.11,1535
1703618880,2023-12-26T14:28:00.000-05:00,18.11,18.11,18.1028,18.11,2042
1703618940,2023-12-26T14:29:00.000-05:00,18.11,18.11,18.105,18.105,7956
1703619000,2023-12-26T14:30:00.000-05:00,18.105,18.11,18.1001,18.105,5149
1703619060,2023-12-26T14:31:00.000-05:00,18.11,18.11,18.1,18.11,9336
1703619120,2023-12-26T14:32:00.000-05:00,18.11,18.12,18.105,18.11,23391
1703619180,2023-12-26T14:33:00.000-05:00,18.12,18.13,18.12,18.13,20376
1703619240,2023-12-26T14:34:00.000-05:00,18.1262,18.14,18.125,18.14,49562
1703619300,2023-12-26T14:35:00.000-05:00,18.14,18.14,18.13,18.14,4808
1703619360,2023-12-26T14:36:00.000-05:00,18.135,18.14,18.135,18.14,6194
1703619420,2023-12-26T14:37:00.000-05:00,18.1398,18.14,18.13,18.13,13552
1703619480,2023-12-26T14:38:00.000-05:00,18.14,18.14,18.13,18.14,5153
1703619540,2023-12-26T14:39:00.000-05:00,18.135,18.15,18.13,18.15,65053
1703619600,2023-12-26T14:40:00.000-05:00,18.15,18.15,18.1401,18.1401,14969
1703619660,2023-12-26T14:41:00.000-05:00,18.1409,18.145,18.1406,18.1406,10723
1703619720,2023-12-26T14:42:00.000-05:00,18.145,18.15,18.145,18.1477,9276
1703619780,2023-12-26T14:43:00.000-05:00,18.145,18.145,18.1401,18.1401,906
1703619840,2023-12-26T14:44:00.000-05:00,18.1499,18.15,18.14,18.14,18024
1703619900,2023-12-26T14:45:00.000-05:00,18.1399,18.14,18.135,18.14,4873
1703619960,2023-12-26T14:46:00.000-05:00,18.1348,18.14,18.1325,18.135,3012
1703620020,2023-12-26T14:47:00.000-05:00,18.135,18.15,18.1301,18.15,9388
1703620080,2023-12-26T14:48:00.000-05:00,18.1495,18.15,18.14,18.14,2716
1703620140,2023-12-26T14:49:00.000-05:00,18.1499,18.15,18.14,18.14,19187
1703620200,2023-12-26T14:50:00.000-05:00,18.15,18.15,18.1444,18.15,4502
1703620260,2023-12-26T14:51:00.000-05:00,18.15,18.15,18.15,18.15,683
1703620320,2023-12-26T14:52:00.000-05:00,18.1497,18.1595,18.1497,18.155,5540
1703620380,2023-12-26T14:53:00.000-05:00,18.16,18.16,18.15,18.155,10680
1703620440,2023-12-26T14:54:00.000-05:00,18.1501,18.155,18.15,18.155,7340
1703620500,2023-12-26T14:55:00.000-05:00,18.155,18.16,18.15,18.155,7874
1703620560,2023-12-26T14:56:00.000-05:00,18.155,18.16,18.15,18.155,7242
1703620620,2023-12-26T14:57:00.000-05:00,18.155,18.16,18.15,18.1534,10216
1703620680,2023-12-26T14:58:00.000-05:00,18.155,18.16,18.15,18.1503,2317
1703620740,2023-12-26T14:59:00.000-05:00,18.15,18.16,18.15,18.15,1447
1703620800,2023-12-26T15:00:00.000-05:00,18.16,18.16,18.145,18.145,10863
1703620860,2023-12-26T15:01:00.000-05:00,18.1497,18.16,18.145,18.155,9749
1703620920,2023-12-26T15:02:00.000-05:00,18.15,18.155,18.15,18.155,8060
1703620980,2023-12-26T15:03:00.000-05:00,18.155,18.16,18.15,18.155,15419
1703621040,2023-12-26T15:04:00.000-05:00,18.155,18.16,18.155,18.16,2026
1703621100,2023-12-26T15:05:00.000-05:00,18.16,18.17,18.15,18.17,15521
1703621160,2023-12-26T15:06:00.000-05:00,18.16,18.165,18.145,18.1467,35735
1703621220,2023-12-26T15:07:00.000-05:00,18.145,18.145,18.1348,18.135,30738
1703621280,2023-12-26T15:08:00.000-05:00,18.135,18.14,18.1301,18.135,13293
1703621340,2023-12-26T15:09:00.000-05:00,18.1339,18.1373,18.1339,18.1373,3195
1703621400,2023-12-26T15:10:00.000-05:00,18.135,18.14,18.1224,18.135,56061
1703621460,2023-12-26T15:11:00.000-05:00,18.135,18.1499,18.133,18.145,13059
1703621520,2023-12-26T15:12:00.000-05:00,18.145,18.15,18.1445,18.145,3833
1703621580,2023-12-26T15:13:00.000-05:00,18.141,18.16,18.141,18.1599,9788
1703621640,2023-12-26T15:14:00.000-05:00,18.1552,18.1599,18.1502,18.1599,10903
1703621700,2023-12-26T15:15:00.000-05:00,18.15,18.155,18.14,18.145,17839
1703621760,2023-12-26T15:16:00.000-05:00,18.145,18.15,18.14,18.1479,6604
1703621820,2023-12-26T15:17:00.000-05:00,18.145,18.145,18.14,18.145,3219
1703621880,2023-12-26T15:18:00.000-05:00,18.145,18.15,18.14,18.145,29933
1703621940,2023-12-26T15:19:00.000-05:00,18.145,18.15,18.145,18.145,15455
1703622000,2023-12-26T15:20:00.000-05:00,18.1495,18.15,18.14,18.15,2528
1703622060,2023-12-26T15:21:00.000-05:00,18.145,18.145,18.145,18.145,7552
1703622120,2023-12-26T15:22:00.000-05:00,18.15,18.15,18.1441,18.15,1886
1703622180,2023-12-26T15:23:00.000-05:00,18.15,18.16,18.145,18.145,38587
1703622240,2023-12-26T15:24:00.000-05:00,18.1464,18.1464,18.1401,18.145,4560
1703622300,2023-12-26T15:25:00.000-05:00,18.145,18.16,18.145,18.16,9799
1703622360,2023-12-26T15:26:00.000-05:00,18.16,18.16,18.15,18.155,9252
1703622420,2023-12-26T15:27:00.000-05:00,18.155,18.16,18.154,18.155,3356
1703622480,2023-12-26T15:28:00.000-05:00,18.155,18.16,18.152,18.1546,2721
1703622540,2023-12-26T15:29:00.000-05:00,18.155,18.1573,18.1501,18.1501,8087
1703622600,2023-12-26T15:30:00.000-05:00,18.155,18.1595,18.15,18.155,6060
1703622660,2023-12-26T15:31:00.000-05:00,18.155,18.16,18.155,18.155,3491
1703622720,2023-12-26T15:32:00.000-05:00,18.155,18.16,18.1513,18.1513,6208
1703622780,2023-12-26T15:33:00.000-05:00,18.155,18.16,18.155,18.16,8875
1703622840,2023-12-26T15:34:00.000-05:00,18.155,18.17,18.155,18.165,16170
1703622900,2023-12-26T15:35:00.000-05:00,18.17,18.18,18.165,18.18,37803
1703622960,2023-12-26T15:36:00.000-05:00,18.1799,18.19,18.175,18.185,60243
1703623020,2023-12-26T15:37:00.000-05:00,18.185,18.185,18.175,18.1799,29924
1703623080,2023-12-26T15:38:00.000-05:00,18.17,18.1799,18.17,18.1712,10083
1703623140,2023-12-26T15:39:00.000-05:00,18.18,18.18,18.16,18.165,44500
1703623200,2023-12-26T15:40:00.000-05:00,18.165,18.17,18.165,18.17,9251
1703623260,2023-12-26T15:41:00.000-05:00,18.165,18.17,18.16,18.165,5665
1703623320,2023-12-26T15:42:00.000-05:00,18.165,18.17,18.15,18.155,66781
1703623380,2023-12-26T15:43:00.000-05:00,18.155,18.16,18.15,18.155,41953
1703623440,2023-12-26T15:44:00.000-05:00,18.16,18.16,18.145,18.145,52636
1703623500,2023-12-26T15:45:00.000-05:00,18.145,18.16,18.145,18.158,50988
1703623560,2023-12-26T15:46:00.000-05:00,18.155,18.17,18.155,18.17,23611
1703623620,2023-12-26T15:47:00.000-05:00,18.17,18.17,18.1601,18.17,4859
1703623680,2023-12-26T15:48:00.000-05:00,18.165,18.17,18.165,18.165,8595
1703623740,2023-12-26T15:49:00.000-05:00,18.1699,18.17,18.16,18.165,14936
1703623800,2023-12-26T15:50:00.000-05:00,18.16,18.165,18.15,18.155,41611
1703623860,2023-12-26T15:51:00.000-05:00,18.155,18.16,18.155,18.16,40857
1703623920,2023-12-26T15:52:00.000-05:00,18.155,18.1579,18.15,18.1579,12719
1703623980,2023-12-26T15:53:00.000-05:00,18.15,18.155,18.14,18.145,67248
1703624040,2023-12-26T15:54:00.000-05:00,18.145,18.16,18.145,18.16,133556
1703624100,2023-12-26T15:55:00.000-05:00,18.16,18.17,18.155,18.165,39910
1703624160,2023-12-26T15:56:00.000-05:00,18.165,18.17,18.16,18.165,23593
1703624220,2023-12-26T15:57:00.000-05:00,18.165,18.17,18.16,18.17,25792
1703624280,2023-12-26T15:58:00.000-05:00,18.17,18.17,18.16,18.17,59875
1703624340,2023-12-26T15:59:00.000-05:00,18.17,18.17,18.16,18.17,99033
1703624400,2023-12-26T16:00:00.000-05:00,18.17,18.17,18.17,18.17,238019
1703624580,2023-12-26T16:03:00.000-05:00,18.17,18.17,18.17,18.17,1800
1703624700,2023-12-26T16:05:00.000-05:00,18.17,18.17,18.17,18.17,9223
1703625120,2023-12-26T16:12:00.000-05:00,18.16,18.16,18.16,18.16,100
1703625180,2023-12-26T16:13:00.000-05:00,18.16,18.16,18.16,18.16,500
1703625300,2023-12-26T16:15:00.000-05:00,18.18,18.18,18.18,18.18,1002
1703625720,2023-12-26T16:22:00.000-05:00,18.18,18.18,18.18,18.18,449
1703625780,2023-12-26T16:23:00.000-05:00,18.18,18.19,18.18,18.19,2593
1703625960,2023-12-26T16:26:00.000-05:00,18.19,18.2,18.19,18.2,397
1703626200,2023-12-26T16:30:00.000-05:00,18.19,18.19,18.19,18.19,1000
1703626260,2023-12-26T16:31:00.000-05:00,18.19,18.19,18.19,18.19,500
1703626500,2023-12-26T16:35:00.000-05:00,18.2,18.2,18.2,18.2,1406
1703627580,2023-12-26T16:53:00.000-05:00,18.18,18.18,18.18,18.18,900
1703627700,2023-12-26T16:55:00.000-05:00,18.19,18.19,18.19,18.19,400
1703628060,2023-12-26T17:01:00.000-05:00,18.2,18.2,18.2,18.2,165
1703628960,2023-12-26T17:16:00.000-05:00,18.19,18.19,18.19,18.19,109
1703629260,2023-12-26T17:21:00.000-05:00,18.2,18.2091,18.2,18.2091,1101
1703629500,2023-12-26T17:25:00.000-05:00,18.19,18.19,18.19,18.19,198
1703629680,2023-12-26T17:28:00.000-05:00,18.21,18.21,18.21,18.21,100
1703630100,2023-12-26T17:35:00.000-05:00,18.21,18.21,18.21,18.21,101
1703631360,2023-12-26T17:56:00.000-05:00,18.2,18.2,18.2,18.2,2010
1703631480,2023-12-26T17:58:00.000-05:00,18.19,18.19,18.19,18.19,285
1703631660,2023-12-26T18:01:00.000-05:00,18.19,18.19,18.19,18.19,100
1703632200,2023-12-26T18:10:00.000-05:00,18.1899,18.1899,18.1899,18.1899,2010
1703632260,2023-12-26T18:11:00.000-05:00,18.18,18.19,18.18,18.19,2563
1703632680,2023-12-26T18:18:00.000-05:00,18.18,18.18,18.18,18.18,30819
1703632800,2023-12-26T18:20:00.000-05:00,18.17,18.17,18.17,18.17,1000
1703632920,2023-12-26T18:22:00.000-05:00,18.16,18.16,18.16,18.16,100
1703633220,2023-12-26T18:27:00.000-05:00,18.17,18.17,18.17,18.17,3000
1703633640,2023-12-26T18:34:00.000-05:00,18.17,18.17,18.17,18.17,1502
1703633700,2023-12-26T18:35:00.000-05:00,18.17,18.17,18.17,18.17,202
1703634660,2023-12-26T18:51:00.000-05:00,18.16,18.16,18.16,18.16,190
1703635860,2023-12-26T19:11:00.000-05:00,18.1598,18.1598,18.1598,18.1598,100
1703635920,2023-12-26T19:12:00.000-05:00,18.16,18.16,18.16,18.16,200
1703636280,2023-12-26T19:18:00.000-05:00,18.16,18.16,18.16,18.16,1000
1703636880,2023-12-26T19:28:00.000-05:00,18.17,18.17,18.17,18.17,400
1703637720,2023-12-26T19:42:00.000-05:00,18.17,18.17,18.17,18.17,100
1703638320,2023-12-26T19:52:00.000-05:00,18.1698,18.1698,18.16,18.16,750
1703638500,2023-12-26T19:55:00.000-05:00,18.17,18.17,18.17,18.17,606
1703653260,2023-12-27T00:01:00.000-05:00,18.34,18.34,18.34,18.34,150
1703657700,2023-12-27T01:15:00.000-05:00,18.32,18.32,18.32,18.32,438
1703665920,2023-12-27T03:32:00.000-05:00,18.33,18.33,18.33,18.33,164
1703666460,2023-12-27T03:41:00.000-05:00,18.34,18.34,18.33,18.33,1151
1703667600,2023-12-27T04:00:00.000-05:00,18.26,18.26,18.26,18.26,302
1703667660,2023-12-27T04:01:00.000-05:00,18.25,18.25,18.25,18.25,101
1703667900,2023-12-27T04:05:00.000-05:00,18.22,18.22,18.22,18.22,2050
1703671320,2023-12-27T05:02:00.000-05:00,18.21,18.21,18.19,18.2,28632
1703672340,2023-12-27T05:19:00.000-05:00,18.2,18.2,18.2,18.2,200
1703672760,2023-12-27T05:26:00.000-05:00,18.18,18.18,18.18,18.18,800
1703672880,2023-12-27T05:28:00.000-05:00,18.18,18.18,18.18,18.18,200
1703673000,2023-12-27T05:30:00.000-05:00,18.17,18.17,18.16,18.16,2592
1703673060,2023-12-27T05:31:00.000-05:00,18.16,18.16,18.16,18.16,702
1703673840,2023-12-27T05:44:00.000-05:00,18.16,18.18,18.16,18.18,2820
1703674260,2023-12-27T05:51:00.000-05:00,18.17,18.18,18.17,18.17,2400
1703674500,2023-12-27T05:55:00.000-05:00,18.18,18.18,18.18,18.18,500
1703674860,2023-12-27T06:01:00.000-05:00,18.18,18.18,18.18,18.18,500
1703678400,2023-12-27T07:00:00.000-05:00,18.18,18.18,18.18,18.18,284
1703678520,2023-12-27T07:02:00.000-05:00,18.18,18.18,18.18,18.18,129
1703678700,2023-12-27T07:05:00.000-05:00,18.1804,18.2188,18.1804,18.2188,1552
1703678940,2023-12-27T07:09:00.000-05:00,18.19,18.19,18.19,18.19,179
1703679000,2023-12-27T07:10:00.000-05:00,18.18,18.18,18.18,18.18,165
1703679060,2023-12-27T07:11:00.000-05:00,18.2,18.2,18.2,18.2,399
1703679180,2023-12-27T07:13:00.000-05:00,18.2,18.2,18.2,18.2,344
1703679360,2023-12-27T07:16:00.000-05:00,18.214,18.214,18.214,18.214,100
1703679420,2023-12-27T07:17:00.000-05:00,18.2,18.2,18.2,18.2,2002
1703680200,2023-12-27T07:30:00.000-05:00,18.21,18.22,18.21,18.22,1449
1703680500,2023-12-27T07:35:00.000-05:00,18.23,18.23,18.23,18.23,2000
1703680560,2023-12-27T07:36:00.000-05:00,18.23,18.23,18.23,18.23,100
1703680620,2023-12-27T07:37:00.000-05:00,18.22,18.22,18.22,18.22,100
1703680920,2023-12-27T07:42:00.000-05:00,18.23,18.23,18.23,18.23,100
1703681040,2023-12-27T07:44:00.000-05:00,18.24,18.26,18.24,18.26,1300
1703681220,2023-12-27T07:47:00.000-05:00,18.24,18.25,18.24,18.25,4601
1703681340,2023-12-27T07:49:00.000-05:00,18.26,18.26,18.26,18.26,310
1703681640,2023-12-27T07:54:00.000-05:00,18.21,18.21,18.18,18.18,5946
1703681880,2023-12-27T07:58:00.000-05:00,18.2,18.2,18.2,18.2,200
1703681940,2023-12-27T07:59:00.000-05:00,18.2,18.2,18.2,18.2,200
1703682000,2023-12-27T08:00:00.000-05:00,18.22,18.22,18.195,18.2,1481
1703682120,2023-12-27T08:02:00.000-05:00,18.2,18.2,18.2,18.2,132
1703682420,2023-12-27T08:07:00.000-05:00,18.24,18.24,18.24,18.24,878
1703683200,2023-12-27T08:20:00.000-05:00,18.24,18.24,18.24,18.24,1000
1703683260,2023-12-27T08:21:00.000-05:00,18.2302,18.2302,18.2302,18.2302,477
1703683620,2023-12-27T08:27:00.000-05:00,18.23,18.23,18.23,18.23,1007
1703683680,2023-12-27T08:28:00.000-05:00,18.24,18.24,18.24,18.24,190
1703683800,2023-12-27T08:30:00.000-05:00,18.25,18.25,18.25,18.25,1005
1703683860,2023-12-27T08:31:00.000-05:00,18.25,18.25,18.25,18.25,474
1703683920,2023-12-27T08:32:00.000-05:00,18.25,18.25,18.25,18.25,462
1703684160,2023-12-27T08:36:00.000-05:00,18.24,18.24,18.23,18.23,2451
1703684280,2023-12-27T08:38:00.000-05:00,18.24,18.24,18.24,18.24,164
1703684460,2023-12-27T08:41:00.000-05:00,18.23,18.23,18.23,18.23,605
1703684640,2023-12-27T08:44:00.000-05:00,18.23,18.23,18.18,18.18,10083
1703684700,2023-12-27T08:45:00.000-05:00,18.2,18.2,18.19,18.19,1115
1703684760,2023-12-27T08:46:00.000-05:00,18.19,18.19,18.19,18.19,2000
1703684820,2023-12-27T08:47:00.000-05:00,18.1899,18.2,18.1899,18.2,2898
1703684880,2023-12-27T08:48:00.000-05:00,18.21,18.21,18.21,18.21,150
1703685060,2023-12-27T08:51:00.000-05:00,18.21,18.21,18.21,18.21,1013
1703685180,2023-12-27T08:53:00.000-05:00,18.2193,18.22,18.21,18.22,2006
1703685240,2023-12-27T08:54:00.000-05:00,18.22,18.22,18.22,18.22,2208
1703685360,2023-12-27T08:56:00.000-05:00,18.2,18.21,18.2,18.21,658
1703685420,2023-12-27T08:57:00.000-05:00,18.21,18.21,18.21,18.21,1781
1703685540,2023-12-27T08:59:00.000-05:00,18.205,18.205,18.2001,18.2001,774
1703685600,2023-12-27T09:00:00.000-05:00,18.2,18.2,18.2,18.2,208
1703685660,2023-12-27T09:01:00.000-05:00,18.2,18.2,18.1799,18.18,43509
1703685720,2023-12-27T09:02:00.000-05:00,18.21,18.21,18.21,18.21,275
1703685780,2023-12-27T09:03:00.000-05:00,18.2,18.2,18.2,18.2,275
1703685840,2023-12-27T09:04:00.000-05:00,18.2,18.2,18.2,18.2,501
1703686020,2023-12-27T09:07:00.000-05:00,18.2,18.21,18.2,18.21,841
1703686080,2023-12-27T09:08:00.000-05:00,18.21,18.21,18.21,18.21,364
1703686140,2023-12-27T09:09:00.000-05:00,18.21,18.21,18.21,18.21,2000
1703686200,2023-12-27T09:10:00.000-05:00,18.21,18.21,18.21,18.21,3000
1703686440,2023-12-27T09:14:00.000-05:00,18.21,18.21,18.21,18.21,597
1703686500,2023-12-27T09:15:00.000-05:00,18.21,18.21,18.21,18.21,204
1703686620,2023-12-27T09:17:00.000-05:00,18.21,18.21,18.21,18.21,3880
1703686740,2023-12-27T09:19:00.000-05:00,18.23,18.23,18.23,18.23,2262
1703686800,2023-12-27T09:20:00.000-05:00,18.25,18.25,18.24,18.24,2550
1703686860,2023-12-27T09:21:00.000-05:00,18.25,18.25,18.25,18.25,1487
1703686920,2023-12-27T09:22:00.000-05:00,18.26,18.2603,18.26,18.2603,1625
1703686980,2023-12-27T09:23:00.000-05:00,18.26,18.26,18.22,18.22,2764
1703687040,2023-12-27T09:24:00.000-05:00,18.26,18.26,18.26,18.26,500
1703687100,2023-12-27T09:25:00.000-05:00,18.26,18.26,18.26,18.26,516
1703687160,2023-12-27T09:26:00.000-05:00,18.26,18.26,18.26,18.26,200
1703687280,2023-12-27T09:28:00.000-05:00,18.2686,18.2686,18.2686,18.2686,551
1703687340,2023-12-27T09:29:00.000-05:00,18.25,18.25,18.25,18.25,245
1703687400,2023-12-27T09:30:00.000-05:00,18.23,18.37,18.23,18.37,301005
1703687460,2023-12-27T09:31:00.000-05:00,18.36,18.42,18.3501,18.3701,110838
1703687520,2023-12-27T09:32:00.000-05:00,18.38,18.38,18.3289,18.33,39722
1703687580,2023-12-27T09:33:00.000-05:00,18.34,18.35,18.32,18.345,18034
1703687640,2023-12-27T09:34:00.000-05:00,18.34,18.39,18.34,18.3626,60171
1703687700,2023-12-27T09:35:00.000-05:00,18.3658,18.385,18.35,18.37,41331
1703687760,2023-12-27T09:36:00.000-05:00,18.365,18.375,18.335,18.335,21706
1703687820,2023-12-27T09:37:00.000-05:00,18.335,18.34,18.315,18.32,13004
1703687880,2023-12-27T09:38:00.000-05:00,18.32,18.32,18.3,18.3,26178
1703687940,2023-12-27T09:39:00.000-05:00,18.3,18.3297,18.295,18.325,15672
1703688000,2023-12-27T09:40:00.000-05:00,18.33,18.34,18.31,18.3123,24860
1703688060,2023-12-27T09:41:00.000-05:00,18.31,18.31,18.29,18.2999,41834
1703688120,2023-12-27T09:42:00.000-05:00,18.3,18.325,18.3,18.325,52391
1703688180,2023-12-27T09:43:00.000-05:00,18.33,18.34,18.32,18.32,36191
1703688240,2023-12-27T09:44:00.000-05:00,18.33,18.34,18.3201,18.33,35322
1703688300,2023-12-27T09:45:00.000-05:00,18.34,18.36,18.34,18.355,45399
1703688360,2023-12-27T09:46:00.000-05:00,18.355,18.41,18.355,18.41,112615
1703688420,2023-12-27T09:47:00.000-05:00,18.4,18.43,18.39,18.39,56684
1703688480,2023-12-27T09:48:00.000-05:00,18.39,18.41,18.385,18.385,14801
1703688540,2023-12-27T09:49:00.000-05:00,18.39,18.4,18.3801,18.39,27377
1703688600,2023-12-27T09:50:00.000-05:00,18.3885,18.395,18.3754,18.3899,26912
1703688660,2023-12-27T09:51:00.000-05:00,18.385,18.39,18.36,18.38,46776
1703688720,2023-12-27T09:52:00.000-05:00,18.379,18.39,18.3734,18.39,57776
1703688780,2023-12-27T09:53:00.000-05:00,18.39,18.3997,18.38,18.3997,22216
1703688840,2023-12-27T09:54:00.000-05:00,18.4,18.405,18.3917,18.4,29225
1703688900,2023-12-27T09:55:00.000-05:00,18.405,18.41,18.38,18.38,17283
1703688960,2023-12-27T09:56:00.000-05:00,18.385,18.39,18.375,18.375,15664
1703689020,2023-12-27T09:57:00.000-05:00,18.375,18.39,18.375,18.38,11453
1703689080,2023-12-27T09:58:00.000-05:00,18.38,18.38,18.36,18.37,7451
1703689140,2023-12-27T09:59:00.000-05:00,18.37,18.37,18.35,18.3599,37788
1703689200,2023-12-27T10:00:00.000-05:00,18.355,18.355,18.33,18.33,65285
1703689260,2023-12-27T10:01:00.000-05:00,18.3346,18.34,18.325,18.335,40463
1703689320,2023-12-27T10:02:00.000-05:00,18.335,18.35,18.3346,18.341,20428
1703689380,2023-12-27T10:03:00.000-05:00,18.35,18.35,18.325,18.325,16492
1703689440,2023-12-27T10:04:00.000-05:00,18.324,18.34,18.32,18.33,29795
1703689500,2023-12-27T10:05:00.000-05:00,18.325,18.3387,18.3216,18.3387,14905
1703689560,2023-12-27T10:06:00.000-05:00,18.34,18.3599,18.34,18.345,26854
1703689620,2023-12-27T10:07:00.000-05:00,18.35,18.35,18.335,18.3401,28800
1703689680,2023-12-27T10:08:00.000-05:00,18.35,18.365,18.3441,18.36,22586
1703689740,2023-12-27T10:09:00.000-05:00,18.355,18.37,18.355,18.365,9939
1703689800,2023-12-27T10:10:00.000-05:00,18.3625,18.3625,18.345,18.345,17798
1703689860,2023-12-27T10:11:00.000-05:00,18.3426,18.35,18.34,18.345,19784
1703689920,2023-12-27T10:12:00.000-05:00,18.35,18.38,18.35,18.3797,20586
1703689980,2023-12-27T10:13:00.000-05:00,18.375,18.4,18.37,18.37,44843
1703690040,2023-12-27T10:14:00.000-05:00,18.365,18.37,18.3532,18.355,57460
1703690100,2023-12-27T10:15:00.000-05:00,18.36,18.365,18.355,18.36,7584
1703690160,2023-12-27T10:16:00.000-05:00,18.37,18.39,18.365,18.38,30315
1703690220,2023-12-27T10:17:00.000-05:00,18.38,18.4,18.38,18.385,74597
1703690280,2023-12-27T10:18:00.000-05:00,18.39,18.395,18.38,18.39,99204
1703690340,2023-12-27T10:19:00.000-05:00,18.39,18.398,18.365,18.37,52917
1703690400,2023-12-27T10:20:00.000-05:00,18.365,18.37,18.35,18.36,43469
1703690460,2023-12-27T10:21:00.000-05:00,18.37,18.39,18.3608,18.39,23661
1703690520,2023-12-27T10:22:00.000-05:00,18.39,18.395,18.385,18.385,43735
1703690580,2023-12-27T10:23:00.000-05:00,18.39,18.41,18.3899,18.41,14223
1703690640,2023-12-27T10:24:00.000-05:00,18.41,18.435,18.405,18.435,49423
1703690700,2023-12-27T10:25:00.000-05:00,18.4301,18.4488,18.42,18.425,80023
1703690760,2023-12-27T10:26:00.000-05:00,18.425,18.4377,18.42,18.425,56418
1703690820,2023-12-27T10:27:00.000-05:00,18.42,18.44,18.42,18.4394,21335
1703690880,2023-12-27T10:28:00.000-05:00,18.435,18.45,18.4324,18.445,26791
1703690940,2023-12-27T10:29:00.000-05:00,18.445,18.45,18.44,18.45,15163
1703691000,2023-12-27T10:30:00.000-05:00,18.445,18.46,18.42,18.43,49819
1703691060,2023-12-27T10:31:00.000-05:00,18.434,18.455,18.434,18.455,22917
1703691120,2023-12-27T10:32:00.000-05:00,18.455,18.47,18.45,18.4574,51631
1703691180,2023-12-27T10:33:00.000-05:00,18.46,18.475,18.46,18.47,68382
1703691240,2023-12-27T10:34:00.000-05:00,18.4712,18.49,18.47,18.475,60409
1703691300,2023-12-27T10:35:00.000-05:00,18.475,18.49,18.47,18.485,120717
1703691360,2023-12-27T10:36:00.000-05:00,18.48,18.5,18.48,18.48,49833
1703691420,2023-12-27T10:37:00.000-05:00,18.48,18.5,18.48,18.4997,43290
1703691480,2023-12-27T10:38:00.000-05:00,18.495,18.515,18.491,18.515,82735
1703691540,2023-12-27T10:39:00.000-05:00,18.515,18.53,18.5101,18.525,42142
1703691600,2023-12-27T10:40:00.000-05:00,18.5299,18.54,18.52,18.535,53625
1703691660,2023-12-27T10:41:00.000-05:00,18.53,18.53,18.505,18.51,65792
1703691720,2023-12-27T10:42:00.000-05:00,18.51,18.52,18.5,18.5,32326
1703691780,2023-12-27T10:43:00.000-05:00,18.5,18.51,18.49,18.5077,37713
1703691840,2023-12-27T10:44:00.000-05:00,18.505,18.515,18.495,18.5,35466
1703691900,2023-12-27T10:45:00.000-05:00,18.49,18.499,18.48,18.4915,41288
1703691960,2023-12-27T10:46:00.000-05:00,18.49,18.5,18.472,18.485,30251
1703692020,2023-12-27T10:47:00.000-05:00,18.485,18.485,18.46,18.47,43573
1703692080,2023-12-27T10:48:00.000-05:00,18.4685,18.48,18.465,18.48,33713
1703692140,2023-12-27T10:49:00.000-05:00,18.48,18.49,18.475,18.4782,26680
1703692200,2023-12-27T10:50:00.000-05:00,18.47,18.48,18.46,18.4727,41781
1703692260,2023-12-27T10:51:00.000-05:00,18.4766,18.48,18.47,18.475,4963
1703692320,2023-12-27T10:52:00.000-05:00,18.478,18.49,18.475,18.49,12044
1703692380,2023-12-27T10:53:00.000-05:00,18.485,18.485,18.47,18.48,40455
1703692440,2023-12-27T10:54:00.000-05:00,18.475,18.4875,18.47,18.47,15388
1703692500,2023-12-27T10:55:00.000-05:00,18.47,18.48,18.46,18.47,28161
1703692560,2023-12-27T10:56:00.000-05:00,18.48,18.48,18.45,18.45,18184
1703692620,2023-12-27T10:57:00.000-05:00,18.45,18.46,18.445,18.455,22528
1703692680,2023-12-27T10:58:00.000-05:00,18.455,18.475,18.455,18.475,23750
1703692740,2023-12-27T10:59:00.000-05:00,18.47,18.48,18.46,18.47,20808
1703692800,2023-12-27T11:00:00.000-05:00,18.47,18.47,18.43,18.431,28277
1703692860,2023-12-27T11:01:00.000-05:00,18.435,18.44,18.43,18.435,7656
1703692920,2023-12-27T11:02:00.000-05:00,18.43,18.4403,18.425,18.44,49194
1703692980,2023-12-27T11:03:00.000-05:00,18.44,18.45,18.42,18.445,50245
1703693040,2023-12-27T11:04:00.000-05:00,18.4409,18.45,18.44,18.445,16460
1703693100,2023-12-27T11:05:00.000-05:00,18.4435,18.4583,18.44,18.45,27559
1703693160,2023-12-27T11:06:00.000-05:00,18.45,18.465,18.45,18.46,15729
1703693220,2023-12-27T11:07:00.000-05:00,18.45,18.455,18.44,18.4443,21873
1703693280,2023-12-27T11:08:00.000-05:00,18.4499,18.4699,18.44,18.4699,21117
1703693340,2023-12-27T11:09:00.000-05:00,18.465,18.465,18.4528,18.455,30034
1703693400,2023-12-27T11:10:00.000-05:00,18.455,18.46,18.45,18.45,27913
1703693460,2023-12-27T11:11:00.000-05:00,18.45,18.45,18.43,18.43,14078
1703693520,2023-12-27T11:12:00.000-05:00,18.43,18.435,18.42,18.42,15665
1703693580,2023-12-27T11:13:00.000-05:00,18.425,18.43,18.42,18.425,7685
1703693640,2023-12-27T11:14:00.000-05:00,18.4213,18.44,18.4003,18.4003,110419
1703693700,2023-12-27T11:15:00.000-05:00,18.41,18.415,18.4,18.4,41505
1703693760,2023-12-27T11:16:00.000-05:00,18.4012,18.4099,18.4,18.405,12947
1703693820,2023-12-27T11:17:00.000-05:00,18.41,18.41,18.4,18.405,15384
1703693880,2023-12-27T11:18:00.000-05:00,18.405,18.42,18.4,18.41,24042
1703693940,2023-12-27T11:19:00.000-05:00,18.4099,18.42,18.405,18.415,29150
1703694000,2023-12-27T11:20:00.000-05:00,18.42,18.43,18.415,18.43,57115
1703694060,2023-12-27T11:21:00.000-05:00,18.4285,18.43,18.4245,18.4298,10809
1703694120,2023-12-27T11:22:00.000-05:00,18.425,18.43,18.425,18.4298,3779
1703694180,2023-12-27T11:23:00.000-05:00,18.43,18.435,18.42,18.435,15071
1703694240,2023-12-27T11:24:00.000-05:00,18.44,18.44,18.435,18.44,18703
1703694300,2023-12-27T11:25:00.000-05:00,18.44,18.445,18.435,18.445,22617
1703694360,2023-12-27T11:26:00.000-05:00,18.44,18.45,18.44,18.445,8915
1703694420,2023-12-27T11:27:00.000-05:00,18.45,18.45,18.43,18.435,12405
1703694480,2023-12-27T11:28:00.000-05:00,18.435,18.44,18.43,18.435,4620
1703694540,2023-12-27T11:29:00.000-05:00,18.44,18.44,18.425,18.43,12384
1703694600,2023-12-27T11:30:00.000-05:00,18.43,18.45,18.43,18.45,58902
1703694660,2023-12-27T11:31:00.000-05:00,18.445,18.46,18.445,18.4539,6357
1703694720,2023-12-27T11:32:00.000-05:00,18.455,18.46,18.45,18.45,6304
1703694780,2023-12-27T11:33:00.000-05:00,18.46,18.46,18.44,18.45,14611
1703694840,2023-12-27T11:34:00.000-05:00,18.445,18.47,18.445,18.4648,24131
1703694900,2023-12-27T11:35:00.000-05:00,18.47,18.49,18.46,18.475,59931
1703694960,2023-12-27T11:36:00.000-05:00,18.48,18.48,18.478,18.4787,9841
1703695020,2023-12-27T11:37:00.000-05:00,18.475,18.475,18.46,18.47,33466
1703695080,2023-12-27T11:38:00.000-05:00,18.475,18.4752,18.47,18.475,9305
1703695140,2023-12-27T11:39:00.000-05:00,18.475,18.49,18.47,18.49,118167
1703695200,2023-12-27T11:40:00.000-05:00,18.49,18.49,18.48,18.49,8049
1703695260,2023-12-27T11:41:00.000-05:00,18.485,18.49,18.4811,18.49,45632
1703695320,2023-12-27T11:42:00.000-05:00,18.49,18.49,18.4846,18.485,17053
1703695380,2023-12-27T11:43:00.000-05:00,18.485,18.49,18.485,18.49,9150
1703695440,2023-12-27T11:44:00.000-05:00,18.49,18.5,18.485,18.495,22890
1703695500,2023-12-27T11:45:00.000-05:00,18.5,18.5,18.48,18.4899,41721
1703695560,2023-12-27T11:46:00.000-05:00,18.485,18.5,18.485,18.495,41642
1703695620,2023-12-27T11:47:00.000-05:00,18.495,18.5,18.49,18.49,15005
1703695680,2023-12-27T11:48:00.000-05:00,18.49,18.5,18.49,18.495,7716
1703695740,2023-12-27T11:49:00.000-05:00,18.495,18.4992,18.47,18.48,45656
1703695800,2023-12-27T11:50:00.000-05:00,18.48,18.48,18.47,18.4739,6883
1703695860,2023-12-27T11:51:00.000-05:00,18.4701,18.48,18.46,18.4613,22674
1703695920,2023-12-27T11:52:00.000-05:00,18.47,18.48,18.4601,18.465,32755
1703695980,2023-12-27T11:53:00.000-05:00,18.47,18.475,18.465,18.4701,19148
1703696040,2023-12-27T11:54:00.000-05:00,18.475,18.4884,18.47,18.48,19958
1703696100,2023-12-27T11:55:00.000-05:00,18.4795,18.4898,18.4736,18.4898,26699
1703696160,2023-12-27T11:56:00.000-05:00,18.49,18.495,18.485,18.49,44987
1703696220,2023-12-27T11:57:00.000-05:00,18.485,18.5,18.485,18.495,34820
1703696280,2023-12-27T11:58:00.000-05:00,18.4903,18.5,18.485,18.495,21717
1703696340,2023-12-27T11:59:00.000-05:00,18.495,18.5,18.49,18.49,16455
1703696400,2023-12-27T12:00:00.000-05:00,18.49,18.49,18.47,18.475,25979
1703696460,2023-12-27T12:01:00.000-05:00,18.475,18.48,18.47,18.4701,6589
1703696520,2023-12-27T12:02:00.000-05:00,18.475,18.475,18.44,18.445,56783
1703696580,2023-12-27T12:03:00.000-05:00,18.445,18.445,18.43,18.4301,32409
1703696640,2023-12-27T12:04:00.000-05:00,18.435,18.4595,18.43,18.455,26807
1703696700,2023-12-27T12:05:00.000-05:00,18.45,18.455,18.45,18.455,5960
1703696760,2023-12-27T12:06:00.000-05:00,18.4571,18.4699,18.455,18.465,21798
1703696820,2023-12-27T12:07:00.000-05:00,18.46,18.46,18.45,18.46,33991
1703696880,2023-12-27T12:08:00.000-05:00,18.46,18.47,18.46,18.46,19707
1703696940,2023-12-27T12:09:00.000-05:00,18.47,18.47,18.4509,18.455,87787
1703697000,2023-12-27T12:10:00.000-05:00,18.46,18.48,18.455,18.48,24825
1703697060,2023-12-27T12:11:00.000-05:00,18.48,18.49,18.4766,18.485,44508
1703697120,2023-12-27T12:12:00.000-05:00,18.48,18.49,18.48,18.4897,4000
1703697180,2023-12-27T12:13:00.000-05:00,18.4801,18.49,18.4801,18.49,17052
1703697240,2023-12-27T12:14:00.000-05:00,18.485,18.495,18.483,18.49,36345
1703697300,2023-12-27T12:15:00.000-05:00,18.4855,18.49,18.475,18.49,33245
1703697360,2023-12-27T12:16:00.000-05:00,18.4899,18.49,18.48,18.48,13317
1703697420,2023-12-27T12:17:00.000-05:00,18.4837,18.485,18.48,18.485,4135
1703697480,2023-12-27T12:18:00.000-05:00,18.49,18.5,18.485,18.5,40620
1703697540,2023-12-27T12:19:00.000-05:00,18.495,18.5,18.49,18.5,3432
1703697600,2023-12-27T12:20:00.000-05:00,18.495,18.51,18.495,18.5,16332
1703697660,2023-12-27T12:21:00.000-05:00,18.5001,18.5001,18.485,18.4903,41059
1703697720,2023-12-27T12:22:00.000-05:00,18.495,18.495,18.49,18.495,3602
1703697780,2023-12-27T12:23:00.000-05:00,18.495,18.5,18.495,18.495,5728
1703697840,2023-12-27T12:24:00.000-05:00,18.5,18.5,18.49,18.4942,7841
1703697900,2023-12-27T12:25:00.000-05:00,18.49,18.495,18.4839,18.4839,30006
1703697960,2023-12-27T12:26:00.000-05:00,18.485,18.4859,18.48,18.485,6069
1703698020,2023-12-27T12:27:00.000-05:00,18.485,18.49,18.48,18.48,5551
1703698080,2023-12-27T12:28:00.000-05:00,18.4815,18.4815,18.47,18.47,11192
1703698140,2023-12-27T12:29:00.000-05:00,18.475,18.475,18.47,18.47,3668
1703698200,2023-12-27T12:30:00.000-05:00,18.475,18.4899,18.47,18.4829,36990
1703698260,2023-12-27T12:31:00.000-05:00,18.485,18.485,18.48,18.48,26140
1703698320,2023-12-27T12:32:00.000-05:00,18.4891,18.4891,18.47,18.475,33935
1703698380,2023-12-27T12:33:00.000-05:00,18.48,18.4898,18.475,18.4898,13480
1703698440,2023-12-27T12:34:00.000-05:00,18.48,18.48,18.47,18.475,34372
1703698500,2023-12-27T12:35:00.000-05:00,18.47,18.47,18.455,18.4615,76079
1703698560,2023-12-27T12:36:00.000-05:00,18.4601,18.4601,18.45,18.455,11499
1703698620,2023-12-27T12:37:00.000-05:00,18.45,18.46,18.45,18.455,16679
1703698680,2023-12-27T12:38:00.000-05:00,18.45,18.459,18.45,18.455,6276
1703698740,2023-12-27T12:39:00.000-05:00,18.45,18.455,18.45,18.45,3853
1703698800,2023-12-27T12:40:00.000-05:00,18.46,18.465,18.45,18.4615,34421
1703698860,2023-12-27T12:41:00.000-05:00,18.465,18.47,18.46,18.47,12852
1703698920,2023-12-27T12:42:00.000-05:00,18.47,18.47,18.46,18.4698,14358
1703698980,2023-12-27T12:43:00.000-05:00,18.465,18.47,18.46,18.465,10512
1703699040,2023-12-27T12:44:00.000-05:00,18.47,18.48,18.465,18.48,21183
1703699100,2023-12-27T12:45:00.000-05:00,18.48,18.485,18.475,18.48,24458
1703699160,2023-12-27T12:46:00.000-05:00,18.47,18.485,18.47,18.48,66317
1703699220,2023-12-27T12:47:00.000-05:00,18.485,18.49,18.48,18.485,17035
1703699280,2023-12-27T12:48:00.000-05:00,18.485,18.498,18.485,18.491,14547
1703699340,2023-12-27T12:49:00.000-05:00,18.49,18.5,18.49,18.4926,34513
1703699400,2023-12-27T12:50:00.000-05:00,18.4985,18.4985,18.49,18.49,6821
1703699460,2023-12-27T12:51:00.000-05:00,18.495,18.495,18.485,18.485,29140
1703699520,2023-12-27T12:52:00.000-05:00,18.485,18.49,18.485,18.4899,5129
1703699580,2023-12-27T12:53:00.000-05:00,18.485,18.49,18.48,18.49,4817
1703699640,2023-12-27T12:54:00.000-05:00,18.49,18.49,18.48,18.485,21439
1703699700,2023-12-27T12:55:00.000-05:00,18.485,18.495,18.4811,18.485,35102
1703699760,2023-12-27T12:56:00.000-05:00,18.48,18.4862,18.48,18.485,2737
1703699820,2023-12-27T12:57:00.000-05:00,18.4834,18.4999,18.4834,18.4999,23015
1703699880,2023-12-27T12:58:00.000-05:00,18.49,18.5,18.49,18.4951,2825
1703699940,2023-12-27T12:59:00.000-05:00,18.49,18.51,18.49,18.51,46995
1703700000,2023-12-27T13:00:00.000-05:00,18.5,18.51,18.5,18.51,20657
1703700060,2023-12-27T13:01:00.000-05:00,18.51,18.51,18.5,18.51,8166
1703700120,2023-12-27T13:02:00.000-05:00,18.51,18.53,18.505,18.515,89609
1703700180,2023-12-27T13:03:00.000-05:00,18.515,18.53,18.515,18.525,39855
1703700240,2023-12-27T13:04:00.000-05:00,18.524,18.53,18.524,18.53,9676
1703700300,2023-12-27T13:05:00.000-05:00,18.525,18.54,18.52,18.52,46832
1703700360,2023-12-27T13:06:00.000-05:00,18.5129,18.53,18.5,18.515,60188
1703700420,2023-12-27T13:07:00.000-05:00,18.52,18.525,18.515,18.52,31668
1703700480,2023-12-27T13:08:00.000-05:00,18.52,18.5299,18.52,18.5285,7119
1703700540,2023-12-27T13:09:00.000-05:00,18.52,18.52,18.505,18.515,37248
1703700600,2023-12-27T13:10:00.000-05:00,18.52,18.52,18.51,18.52,6722
1703700660,2023-12-27T13:11:00.000-05:00,18.5146,18.52,18.5002,18.51,99149
1703700720,2023-12-27T13:12:00.000-05:00,18.5175,18.525,18.51,18.52,96222
1703700780,2023-12-27T13:13:00.000-05:00,18.5116,18.52,18.51,18.5177,11261
1703700840,2023-12-27T13:14:00.000-05:00,18.515,18.515,18.505,18.505,45717
1703700900,2023-12-27T13:15:00.000-05:00,18.51,18.525,18.51,18.525,20842
1703700960,2023-12-27T13:16:00.000-05:00,18.5205,18.53,18.515,18.5201,48264
1703701020,2023-12-27T13:17:00.000-05:00,18.525,18.5282,18.51,18.525,39099
1703701080,2023-12-27T13:18:00.000-05:00,18.525,18.53,18.5205,18.525,3133
1703701140,2023-12-27T13:19:00.000-05:00,18.525,18.535,18.5201,18.535,27134
1703701200,2023-12-27T13:20:00.000-05:00,18.5302,18.54,18.53,18.53,34552
1703701260,2023-12-27T13:21:00.000-05:00,18.53,18.53,18.5216,18.5216,10180
1703701320,2023-12-27T13:22:00.000-05:00,18.5201,18.53,18.52,18.52,12013
1703701380,2023-12-27T13:23:00.000-05:00,18.525,18.525,18.51,18.515,13024
1703701440,2023-12-27T13:24:00.000-05:00,18.5106,18.515,18.49,18.4948,19394
1703701500,2023-12-27T13:25:00.000-05:00,18.495,18.495,18.48,18.489,19446
1703701560,2023-12-27T13:26:00.000-05:00,18.48,18.5,18.48,18.495,22870
1703701620,2023-12-27T13:27:00.000-05:00,18.5,18.505,18.49,18.505,12825
1703701680,2023-12-27T13:28:00.000-05:00,18.51,18.52,18.5,18.5014,88211
1703701740,2023-12-27T13:29:00.000-05:00,18.5085,18.5085,18.5,18.502,29526
1703701800,2023-12-27T13:30:00.000-05:00,18.505,18.52,18.5,18.51,24066
1703701860,2023-12-27T13:31:00.000-05:00,18.51,18.51,18.49,18.5,26741
1703701920,2023-12-27T13:32:00.000-05:00,18.5,18.5,18.48,18.485,42913
1703701980,2023-12-27T13:33:00.000-05:00,18.485,18.485,18.47,18.4701,26499
1703702040,2023-12-27T13:34:00.000-05:00,18.47,18.49,18.47,18.48,65920
1703702100,2023-12-27T13:35:00.000-05:00,18.475,18.48,18.47,18.4701,37616
1703702160,2023-12-27T13:36:00.000-05:00,18.47,18.48,18.47,18.475,26454
1703702220,2023-12-27T13:37:00.000-05:00,18.4701,18.4799,18.465,18.465,60919
1703702280,2023-12-27T13:38:00.000-05:00,18.47,18.47,18.46,18.465,10761
1703702340,2023-12-27T13:39:00.000-05:00,18.47,18.475,18.4699,18.475,10070
1703702400,2023-12-27T13:40:00.000-05:00,18.48,18.48,18.475,18.48,2025
1703702460,2023-12-27T13:41:00.000-05:00,18.48,18.48,18.47,18.48,3918
1703702520,2023-12-27T13:42:00.000-05:00,18.475,18.48,18.47,18.47,16060
1703702580,2023-12-27T13:43:00.000-05:00,18.465,18.47,18.46,18.46,17246
1703702640,2023-12-27T13:44:00.000-05:00,18.46,18.465,18.45,18.455,41990
1703702700,2023-12-27T13:45:00.000-05:00,18.4585,18.47,18.455,18.4697,22817
1703702760,2023-12-27T13:46:00.000-05:00,18.465,18.47,18.465,18.465,7932
1703702820,2023-12-27T13:47:00.000-05:00,18.4615,18.47,18.455,18.455,26296
1703702880,2023-12-27T13:48:00.000-05:00,18.4501,18.455,18.45,18.455,7440
1703702940,2023-12-27T13:49:00.000-05:00,18.46,18.46,18.4543,18.455,5326
1703703000,2023-12-27T13:50:00.000-05:00,18.46,18.48,18.45,18.475,47112
1703703060,2023-12-27T13:51:00.000-05:00,18.475,18.4799,18.47,18.475,17092
1703703120,2023-12-27T13:52:00.000-05:00,18.475,18.48,18.47,18.48,11263
1703703180,2023-12-27T13:53:00.000-05:00,18.4785,18.48,18.4745,18.48,14523
1703703240,2023-12-27T13:54:00.000-05:00,18.48,18.48,18.47,18.48,7061
1703703300,2023-12-27T13:55:00.000-05:00,18.474,18.49,18.474,18.48,51268
1703703360,2023-12-27T13:56:00.000-05:00,18.485,18.49,18.48,18.4801,35349
1703703420,2023-12-27T13:57:00.000-05:00,18.48,18.49,18.48,18.48,19335
1703703480,2023-12-27T13:58:00.000-05:00,18.485,18.5,18.48,18.495,25771
1703703540,2023-12-27T13:59:00.000-05:00,18.49,18.495,18.48,18.48,22133
1703703600,2023-12-27T14:00:00.000-05:00,18.48,18.485,18.44,18.4499,120464
1703703660,2023-12-27T14:01:00.000-05:00,18.4502,18.46,18.44,18.4502,58791
1703703720,2023-12-27T14:02:00.000-05:00,18.4504,18.46,18.43,18.435,25533
1703703780,2023-12-27T14:03:00.000-05:00,18.4385,18.44,18.43,18.43,12364
1703703840,2023-12-27T14:04:00.000-05:00,18.44,18.44,18.42,18.4215,51692
1703703900,2023-12-27T14:05:00.000-05:00,18.4201,18.43,18.42,18.425,39740
1703703960,2023-12-27T14:06:00.000-05:00,18.4299,18.44,18.42,18.43,33823
1703704020,2023-12-27T14:07:00.000-05:00,18.43,18.435,18.43,18.435,23044
1703704080,2023-12-27T14:08:00.000-05:00,18.43,18.445,18.43,18.435,40444
1703704140,2023-12-27T14:09:00.000-05:00,18.43,18.435,18.42,18.42,31218
1703704200,2023-12-27T14:10:00.000-05:00,18.42,18.4285,18.42,18.425,9798
1703704260,2023-12-27T14:11:00.000-05:00,18.425,18.425,18.41,18.415,18870
1703704320,2023-12-27T14:12:00.000-05:00,18.415,18.4199,18.4,18.4099,27292
1703704380,2023-12-27T14:13:00.000-05:00,18.41,18.42,18.4,18.415,43502
1703704440,2023-12-27T14:14:00.000-05:00,18.418,18.425,18.415,18.415,38931
1703704500,2023-12-27T14:15:00.000-05:00,18.42,18.42,18.41,18.415,5575
1703704560,2023-12-27T14:16:00.000-05:00,18.42,18.43,18.42,18.42,65219
1703704620,2023-12-27T14:17:00.000-05:00,18.42,18.429,18.42,18.42,27900
1703704680,2023-12-27T14:18:00.000-05:00,18.42,18.425,18.42,18.425,6086
1703704740,2023-12-27T14:19:00.000-05:00,18.4212,18.4296,18.42,18.425,2378
1703704800,2023-12-27T14:20:00.000-05:00,18.4218,18.43,18.42,18.425,6097
1703704860,2023-12-27T14:21:00.000-05:00,18.425,18.43,18.42,18.425,15419
1703704920,2023-12-27T14:22:00.000-05:00,18.425,18.44,18.4201,18.435,29782
1703704980,2023-12-27T14:23:00.000-05:00,18.44,18.44,18.425,18.425,18549
1703705040,2023-12-27T14:24:00.000-05:00,18.43,18.44,18.425,18.435,28854
1703705100,2023-12-27T14:25:00.000-05:00,18.43,18.435,18.42,18.42,11119
1703705160,2023-12-27T14:26:00.000-05:00,18.42,18.425,18.415,18.425,27678
1703705220,2023-12-27T14:27:00.000-05:00,18.4299,18.4299,18.42,18.42,2705
1703705280,2023-12-27T14:28:00.000-05:00,18.425,18.43,18.425,18.425,2945
1703705340,2023-12-27T14:29:00.000-05:00,18.425,18.425,18.425,18.425,1302
1703705400,2023-12-27T14:30:00.000-05:00,18.43,18.43,18.42,18.43,19475
1703705460,2023-12-27T14:31:00.000-05:00,18.435,18.445,18.43,18.44,17744
1703705520,2023-12-27T14:32:00.000-05:00,18.4413,18.445,18.43,18.43,15854
1703705580,2023-12-27T14:33:00.000-05:00,18.4351,18.44,18.435,18.435,14978
1703705640,2023-12-27T14:34:00.000-05:00,18.44,18.44,18.4301,18.44,4558
1703705700,2023-12-27T14:35:00.000-05:00,18.4301,18.445,18.4301,18.445,4947
1703705760,2023-12-27T14:36:00.000-05:00,18.4404,18.45,18.4404,18.45,9441
1703705820,2023-12-27T14:37:00.000-05:00,18.445,18.45,18.445,18.445,12414
1703705880,2023-12-27T14:38:00.000-05:00,18.45,18.45,18.445,18.4485,13467
1703705940,2023-12-27T14:39:00.000-05:00,18.445,18.45,18.435,18.4399,39218
1703706000,2023-12-27T14:40:00.000-05:00,18.4399,18.4399,18.42,18.425,45390
1703706060,2023-12-27T14:41:00.000-05:00,18.4264,18.4399,18.425,18.43,69134
1703706120,2023-12-27T14:42:00.000-05:00,18.43,18.43,18.42,18.4252,8424
1703706180,2023-12-27T14:43:00.000-05:00,18.42,18.425,18.42,18.42,1951
1703706240,2023-12-27T14:44:00.000-05:00,18.421,18.428,18.42,18.425,8169
1703706300,2023-12-27T14:45:00.000-05:00,18.425,18.425,18.425,18.425,4513
1703706360,2023-12-27T14:46:00.000-05:00,18.425,18.43,18.42,18.425,4626
1703706420,2023-12-27T14:47:00.000-05:00,18.42,18.4299,18.42,18.42,5878
1703706480,2023-12-27T14:48:00.000-05:00,18.42,18.425,18.42,18.425,1942
1703706540,2023-12-27T14:49:00.000-05:00,18.42,18.425,18.42,18.425,2742
1703706600,2023-12-27T14:50:00.000-05:00,18.425,18.43,18.41,18.41,22879
1703706660,2023-12-27T14:51:00.000-05:00,18.415,18.42,18.41,18.42,18517
1703706720,2023-12-27T14:52:00.000-05:00,18.415,18.42,18.415,18.415,2791
1703706780,2023-12-27T14:53:00.000-05:00,18.415,18.415,18.415,18.415,7191
1703706840,2023-12-27T14:54:00.000-05:00,18.415,18.415,18.41,18.415,7453
1703706900,2023-12-27T14:55:00.000-05:00,18.415,18.415,18.41,18.415,11246
1703706960,2023-12-27T14:56:00.000-05:00,18.415,18.43,18.41,18.42,42282
1703707020,2023-12-27T14:57:00.000-05:00,18.4251,18.435,18.425,18.4307,26508
1703707080,2023-12-27T14:58:00.000-05:00,18.43,18.44,18.43,18.435,11554
1703707140,2023-12-27T14:59:00.000-05:00,18.435,18.438,18.435,18.438,1965
1703707200,2023-12-27T15:00:00.000-05:00,18.44,18.4452,18.43,18.435,30443
1703707260,2023-12-27T15:01:00.000-05:00,18.435,18.438,18.435,18.435,1281
1703707320,2023-12-27T15:02:00.000-05:00,18.435,18.44,18.435,18.44,7766
1703707380,2023-12-27T15:03:00.000-05:00,18.435,18.44,18.4328,18.435,4972
1703707440,2023-12-27T15:04:00.000-05:00,18.435,18.435,18.43,18.435,4147
1703707500,2023-12-27T15:05:00.000-05:00,18.435,18.438,18.43,18.43,23968
1703707560,2023-12-27T15:06:00.000-05:00,18.43,18.445,18.43,18.44,34359
1703707620,2023-12-27T15:07:00.000-05:00,18.44,18.45,18.44,18.445,6519
1703707680,2023-12-27T15:08:00.000-05:00,18.45,18.455,18.445,18.45,10354
1703707740,2023-12-27T15:09:00.000-05:00,18.45,18.455,18.45,18.455,3007
1703707800,2023-12-27T15:10:00.000-05:00,18.4584,18.46,18.4508,18.455,39392
1703707860,2023-12-27T15:11:00.000-05:00,18.45,18.46,18.45,18.4599,10180
1703707920,2023-12-27T15:12:00.000-05:00,18.46,18.4684,18.4557,18.465,25102
1703707980,2023-12-27T15:13:00.000-05:00,18.46,18.465,18.45,18.465,33313
1703708040,2023-12-27T15:14:00.000-05:00,18.465,18.4652,18.455,18.455,22315
1703708100,2023-12-27T15:15:00.000-05:00,18.4599,18.47,18.455,18.47,13996
1703708160,2023-12-27T15:16:00.000-05:00,18.4699,18.479,18.4657,18.475,32186
1703708220,2023-12-27T15:17:00.000-05:00,18.475,18.4755,18.47,18.475,7794
1703708280,2023-12-27T15:18:00.000-05:00,18.475,18.475,18.46,18.465,25171
1703708340,2023-12-27T15:19:00.000-05:00,18.465,18.47,18.46,18.4643,9876
1703708400,2023-12-27T15:20:00.000-05:00,18.467,18.4689,18.46,18.4608,9479
1703708460,2023-12-27T15:21:00.000-05:00,18.46,18.465,18.46,18.4621,5514
1703708520,2023-12-27T15:22:00.000-05:00,18.465,18.47,18.4632,18.465,4933
1703708580,2023-12-27T15:23:00.000-05:00,18.4625,18.465,18.45,18.455,20157
1703708640,2023-12-27T15:24:00.000-05:00,18.455,18.46,18.45,18.45,27508
1703708700,2023-12-27T15:25:00.000-05:00,18.45,18.455,18.4332,18.44,48687
1703708760,2023-12-27T15:26:00.000-05:00,18.44,18.4462,18.43,18.4462,52133
1703708820,2023-12-27T15:27:00.000-05:00,18.4449,18.45,18.44,18.4499,11984
1703708880,2023-12-27T15:28:00.000-05:00,18.44,18.45,18.44,18.45,6026
1703708940,2023-12-27T15:29:00.000-05:00,18.445,18.45,18.44,18.44,11229
1703709000,2023-12-27T15:30:00.000-05:00,18.445,18.45,18.44,18.445,4898
1703709060,2023-12-27T15:31:00.000-05:00,18.445,18.45,18.44,18.44,9510
1703709120,2023-12-27T15:32:00.000-05:00,18.445,18.455,18.44,18.445,82171
1703709180,2023-12-27T15:33:00.000-05:00,18.445,18.45,18.4443,18.445,11154
1703709240,2023-12-27T15:34:00.000-05:00,18.44,18.45,18.44,18.45,2877
1703709300,2023-12-27T15:35:00.000-05:00,18.45,18.4599,18.44,18.445,78302
1703709360,2023-12-27T15:36:00.000-05:00,18.445,18.46,18.44,18.455,35595
1703709420,2023-12-27T15:37:00.000-05:00,18.455,18.4579,18.445,18.445,38946
1703709480,2023-12-27T15:38:00.000-05:00,18.445,18.45,18.44,18.445,28926
1703709540,2023-12-27T15:39:00.000-05:00,18.445,18.46,18.44,18.455,43744
1703709600,2023-12-27T15:40:00.000-05:00,18.455,18.456,18.45,18.455,8863
1703709660,2023-12-27T15:41:00.000-05:00,18.45,18.4599,18.44,18.4487,42703
1703709720,2023-12-27T15:42:00.000-05:00,18.445,18.45,18.44,18.445,8677
1703709780,2023-12-27T15:43:00.000-05:00,18.445,18.455,18.44,18.445,72005
1703709840,2023-12-27T15:44:00.000-05:00,18.44,18.4469,18.44,18.445,14142
1703709900,2023-12-27T15:45:00.000-05:00,18.44,18.45,18.44,18.445,16276
1703709960,2023-12-27T15:46:00.000-05:00,18.445,18.45,18.4411,18.45,22299
1703710020,2023-12-27T15:47:00.000-05:00,18.45,18.45,18.44,18.445,30059
1703710080,2023-12-27T15:48:00.000-05:00,18.45,18.4599,18.44,18.45,215362
1703710140,2023-12-27T15:49:00.000-05:00,18.46,18.46,18.455,18.455,20708
1703710200,2023-12-27T15:50:00.000-05:00,18.455,18.48,18.45,18.475,69825
1703710260,2023-12-27T15:51:00.000-05:00,18.475,18.48,18.47,18.475,59366
1703710320,2023-12-27T15:52:00.000-05:00,18.48,18.48,18.47,18.475,42711
1703710380,2023-12-27T15:53:00.000-05:00,18.47,18.48,18.47,18.47,49178
1703710440,2023-12-27T15:54:00.000-05:00,18.47,18.48,18.47,18.47,42976
1703710500,2023-12-27T15:55:00.000-05:00,18.475,18.48,18.47,18.47,135292
1703710560,2023-12-27T15:56:00.000-05:00,18.47,18.48,18.47,18.475,68769
1703710620,2023-12-27T15:57:00.000-05:00,18.475,18.48,18.47,18.48,116150
1703710680,2023-12-27T15:58:00.000-05:00,18.475,18.49,18.47,18.485,181393
1703710740,2023-12-27T15:59:00.000-05:00,18.485,18.49,18.47,18.47,285453
1703710800,2023-12-27T16:00:00.000-05:00,18.47,18.47,18.47,18.47,411544
1703710860,2023-12-27T16:01:00.000-05:00,18.47,18.47,18.47,18.47,489
1703710980,2023-12-27T16:03:00.000-05:00,18.47,18.47,18.47,18.47,793
1703711040,2023-12-27T16:04:00.000-05:00,18.47,18.48,18.47,18.48,696
1703711220,2023-12-27T16:07:00.000-05:00,18.49,18.5,18.49,18.49,5501
1703711280,2023-12-27T16:08:00.000-05:00,18.49,18.49,18.49,18.49,200
1703711340,2023-12-27T16:09:00.000-05:00,18.49,18.4901,18.49,18.4901,2801
1703711400,2023-12-27T16:10:00.000-05:00,18.49,18.49,18.49,18.49,3447
1703711460,2023-12-27T16:11:00.000-05:00,18.49,18.49,18.4,18.4499,5979
1703711520,2023-12-27T16:12:00.000-05:00,18.45,18.45,18.45,18.45,1601
1703711580,2023-12-27T16:13:00.000-05:00,18.45,18.45,18.45,18.45,3905
1703712180,2023-12-27T16:23:00.000-05:00,18.45,18.45,18.45,18.45,400
1703712360,2023-12-27T16:26:00.000-05:00,18.47,18.47,18.47,18.47,769
1703712540,2023-12-27T16:29:00.000-05:00,18.46,18.46,18.46,18.46,107
1703712660,2023-12-27T16:31:00.000-05:00,18.46,18.46,18.46,18.46,101
1703713020,2023-12-27T16:37:00.000-05:00,18.46,18.46,18.46,18.46,126
1703713080,2023-12-27T16:38:00.000-05:00,18.47,18.47,18.47,18.47,202
1703713440,2023-12-27T16:44:00.000-05:00,18.46,18.46,18.44,18.44,4986
1703713500,2023-12-27T16:45:00.000-05:00,18.45,18.45,18.45,18.45,1000
1703713620,2023-12-27T16:47:00.000-05:00,18.45,18.45,18.45,18.45,1011
1703713800,2023-12-27T16:50:00.000-05:00,18.45,18.45,18.45,18.45,517
1703714040,2023-12-27T16:54:00.000-05:00,18.46,18.46,18.46,18.46,750
1703714160,2023-12-27T16:56:00.000-05:00,18.45,18.45,18.45,18.45,139
1703714760,2023-12-27T17:06:00.000-05:00,18.46,18.46,18.46,18.46,1300
1703714880,2023-12-27T17:08:00.000-05:00,18.48,18.48,18.48,18.48,509
1703714940,2023-12-27T17:09:00.000-05:00,18.48,18.49,18.48,18.49,2011
1703715000,2023-12-27T17:10:00.000-05:00,18.4902,18.4902,18.49,18.49,692
1703715060,2023-12-27T17:11:00.000-05:00,18.495,18.495,18.49,18.49,1000
1703715120,2023-12-27T17:12:00.000-05:00,18.49,18.49,18.49,18.49,3600
1703715180,2023-12-27T17:13:00.000-05:00,18.49,18.49,18.49,18.49,175
1703715300,2023-12-27T17:15:00.000-05:00,18.47,18.47,18.47,18.47,920
1703715360,2023-12-27T17:16:00.000-05:00,18.47,18.47,18.47,18.47,398
1703715780,2023-12-27T17:23:00.000-05:00,18.49,18.49,18.49,18.49,500
1703716620,2023-12-27T17:37:00.000-05:00,18.49,18.49,18.49,18.49,2004
1703716860,2023-12-27T17:41:00.000-05:00,18.46,18.46,18.46,18.46,253
1703717520,2023-12-27T17:52:00.000-05:00,18.48,18.48,18.48,18.48,360
1703717580,2023-12-27T17:53:00.000-05:00,18.47,18.47,18.47,18.47,101
1703717760,2023-12-27T17:56:00.000-05:00,18.48,18.48,18.48,18.48,1669
1703717880,2023-12-27T17:58:00.000-05:00,18.47,18.47,18.47,18.47,3001
1703718180,2023-12-27T18:03:00.000-05:00,18.47,18.47,18.47,18.47,242
1703718840,2023-12-27T18:14:00.000-05:00,18.48,18.48,18.48,18.48,1094
1703720100,2023-12-27T18:35:00.000-05:00,18.48,18.48,18.48,18.48,330
1703721780,2023-12-27T19:03:00.000-05:00,18.48,18.48,18.48,18.48,218
1703721960,2023-12-27T19:06:00.000-05:00,18.49,18.49,18.49,18.49,150
1703722560,2023-12-27T19:16:00.000-05:00,18.5,18.51,18.5,18.51,641
1703722860,2023-12-27T19:21:00.000-05:00,18.51,18.51,18.51,18.51,107
1703724300,2023-12-27T19:45:00.000-05:00,18.5,18.5,18.5,18.5,184
1703754000,2023-12-28T04:00:00.000-05:00,18.55,18.55,18.55,18.55,135
1703754360,2023-12-28T04:06:00.000-05:00,18.52,18.52,18.5,18.5,590
1703754600,2023-12-28T04:10:00.000-05:00,18.47,18.47,18.47,18.47,150
1703755080,2023-12-28T04:18:00.000-05:00,18.47,18.47,18.47,18.47,470
1703755560,2023-12-28T04:26:00.000-05:00,18.5,18.5,18.5,18.5,1200
1703756220,2023-12-28T04:37:00.000-05:00,18.49,18.49,18.49,18.49,800
1703756340,2023-12-28T04:39:00.000-05:00,18.5,18.5,18.5,18.5,300
1703756400,2023-12-28T04:40:00.000-05:00,18.48,18.48,18.48,18.48,200
1703756460,2023-12-28T04:41:00.000-05:00,18.48,18.48,18.48,18.48,400
1703757840,2023-12-28T05:04:00.000-05:00,18.48,18.53,18.48,18.53,2752
1703758320,2023-12-28T05:12:00.000-05:00,18.51,18.51,18.51,18.51,101
1703758920,2023-12-28T05:22:00.000-05:00,18.54,18.55,18.53,18.55,3105
1703759040,2023-12-28T05:24:00.000-05:00,18.54,18.54,18.54,18.54,100
1703759400,2023-12-28T05:30:00.000-05:00,18.54,18.54,18.53,18.53,3000
1703760120,2023-12-28T05:42:00.000-05:00,18.51,18.51,18.51,18.51,100
1703760540,2023-12-28T05:49:00.000-05:00,18.5,18.5,18.5,18.5,100
1703762460,2023-12-28T06:21:00.000-05:00,18.53,18.53,18.53,18.53,2178
1703762700,2023-12-28T06:25:00.000-05:00,18.54,18.54,18.54,18.54,1722
1703763900,2023-12-28T06:45:00.000-05:00,18.52,18.52,18.52,18.52,100
1703764380,2023-12-28T06:53:00.000-05:00,18.5,18.5,18.48,18.48,1902
1703764440,2023-12-28T06:54:00.000-05:00,18.47,18.47,18.46,18.46,599
1703764800,2023-12-28T07:00:00.000-05:00,18.5,18.51,18.4619,18.4619,1881
1703765100,2023-12-28T07:05:00.000-05:00,18.46,18.46,18.45,18.45,2332
1703765160,2023-12-28T07:06:00.000-05:00,18.44,18.44,18.44,18.44,203
1703765280,2023-12-28T07:08:00.000-05:00,18.44,18.44,18.44,18.44,223
1703765520,2023-12-28T07:12:00.000-05:00,18.43,18.43,18.43,18.43,300
1703766120,2023-12-28T07:22:00.000-05:00,18.42,18.42,18.42,18.42,100
1703766360,2023-12-28T07:26:00.000-05:00,18.42,18.43,18.42,18.43,415
1703766480,2023-12-28T07:28:00.000-05:00,18.44,18.48,18.44,18.48,700
1703766540,2023-12-28T07:29:00.000-05:00,18.42,18.42,18.42,18.42,154
1703766660,2023-12-28T07:31:00.000-05:00,18.43,18.43,18.43,18.43,157
1703766720,2023-12-28T07:32:00.000-05:00,18.43,18.43,18.43,18.43,1000
1703766960,2023-12-28T07:36:00.000-05:00,18.49,18.49,18.49,18.49,1200
1703767020,2023-12-28T07:37:00.000-05:00,18.43,18.43,18.43,18.43,16004
1703767260,2023-12-28T07:41:00.000-05:00,18.4406,18.4406,18.43,18.43,4140
1703767320,2023-12-28T07:42:00.000-05:00,18.43,18.43,18.43,18.43,502
1703767380,2023-12-28T07:43:00.000-05:00,18.4202,18.43,18.4202,18.43,392
1703767560,2023-12-28T07:46:00.000-05:00,18.42,18.4203,18.42,18.4203,704
1703767620,2023-12-28T07:47:00.000-05:00,18.42,18.42,18.42,18.42,642
1703767680,2023-12-28T07:48:00.000-05:00,18.43,18.43,18.43,18.43,253
1703767860,2023-12-28T07:51:00.000-05:00,18.43,18.43,18.43,18.43,245
1703768160,2023-12-28T07:56:00.000-05:00,18.4591,18.4591,18.4591,18.4591,1000
1703768460,2023-12-28T08:01:00.000-05:00,18.46,18.46,18.46,18.46,1007
1703769180,2023-12-28T08:13:00.000-05:00,18.45,18.45,18.45,18.45,1663
1703769300,2023-12-28T08:15:00.000-05:00,18.45,18.45,18.45,18.45,106
1703769480,2023-12-28T08:18:00.000-05:00,18.4492,18.4492,18.4492,18.4492,100
1703769600,2023-12-28T08:20:00.000-05:00,18.45,18.45,18.45,18.45,663
1703769780,2023-12-28T08:23:00.000-05:00,18.44,18.44,18.44,18.44,127
1703769900,2023-12-28T08:25:00.000-05:00,18.45,18.45,18.45,18.45,1245
1703770020,2023-12-28T08:27:00.000-05:00,18.47,18.47,18.4699,18.4699,4280
1703770080,2023-12-28T08:28:00.000-05:00,18.47,18.47,18.47,18.47,110
1703770260,2023-12-28T08:31:00.000-05:00,18.46,18.46,18.46,18.46,2014
1703770380,2023-12-28T08:33:00.000-05:00,18.47,18.49,18.47,18.49,1441
1703770500,2023-12-28T08:35:00.000-05:00,18.48,18.48,18.48,18.48,1025
1703770740,2023-12-28T08:39:00.000-05:00,18.48,18.48,18.48,18.48,1305
1703770800,2023-12-28T08:40:00.000-05:00,18.48,18.48,18.48,18.48,3743
1703770860,2023-12-28T08:41:00.000-05:00,18.47,18.47,18.47,18.47,1087
1703771040,2023-12-28T08:44:00.000-05:00,18.46,18.46,18.46,18.46,128
1703771100,2023-12-28T08:45:00.000-05:00,18.46,18.46,18.46,18.46,3150
1703771280,2023-12-28T08:48:00.000-05:00,18.45,18.45,18.45,18.45,167
1703771520,2023-12-28T08:52:00.000-05:00,18.43,18.43,18.43,18.43,1004
1703771820,2023-12-28T08:57:00.000-05:00,18.43,18.43,18.43,18.43,980
1703771880,2023-12-28T08:58:00.000-05:00,18.42,18.42,18.42,18.42,1154
1703771940,2023-12-28T08:59:00.000-05:00,18.41,18.41,18.4,18.4,5320
1703772240,2023-12-28T09:04:00.000-05:00,18.38,18.38,18.38,18.38,276
1703772360,2023-12-28T09:06:00.000-05:00,18.3899,18.39,18.37,18.37,750
1703772540,2023-12-28T09:09:00.000-05:00,18.38,18.39,18.37,18.37,1225
1703772660,2023-12-28T09:11:00.000-05:00,18.3897,18.3897,18.3897,18.3897,2905
1703772720,2023-12-28T09:12:00.000-05:00,18.39,18.4,18.39,18.4,2401
1703772780,2023-12-28T09:13:00.000-05:00,18.3903,18.4,18.3903,18.4,1944
1703772960,2023-12-28T09:16:00.000-05:00,18.4,18.4,18.4,18.4,250
1703773080,2023-12-28T09:18:00.000-05:00,18.4,18.4,18.4,18.4,600
1703773200,2023-12-28T09:20:00.000-05:00,18.4,18.4,18.4,18.4,506
1703773260,2023-12-28T09:21:00.000-05:00,18.4,18.4,18.4,18.4,1520
1703773380,2023-12-28T09:23:00.000-05:00,18.41,18.41,18.41,18.41,540
1703773440,2023-12-28T09:24:00.000-05:00,18.41,18.41,18.41,18.41,356
1703773500,2023-12-28T09:25:00.000-05:00,18.4,18.4,18.4,18.4,208
1703773620,2023-12-28T09:27:00.000-05:00,18.4,18.4,18.37,18.37,1006
1703773680,2023-12-28T09:28:00.000-05:00,18.38,18.38,18.38,18.38,328
1703773740,2023-12-28T09:29:00.000-05:00,18.37,18.37,18.35,18.35,3358
1703773800,2023-12-28T09:30:00.000-05:00,18.36,18.39,18.325,18.35,209062
1703773860,2023-12-28T09:31:00.000-05:00,18.3576,18.3576,18.31,18.3203,175906
1703773920,2023-12-28T09:32:00.000-05:00,18.34,18.3599,18.315,18.335,9856
1703773980,2023-12-28T09:33:00.000-05:00,18.33,18.33,18.3094,18.3094,15494
1703774040,2023-12-28T09:34:00.000-05:00,18.3095,18.334,18.3,18.3298,8390
1703774100,2023-12-28T09:35:00.000-05:00,18.33,18.33,18.305,18.32,59119
1703774160,2023-12-28T09:36:00.000-05:00,18.33,18.34,18.315,18.33,13886
1703774220,2023-12-28T09:37:00.000-05:00,18.335,18.345,18.3302,18.345,20450
1703774280,2023-12-28T09:38:00.000-05:00,18.345,18.38,18.345,18.38,28844
1703774340,2023-12-28T09:39:00.000-05:00,18.3701,18.38,18.36,18.36,13338
1703774400,2023-12-28T09:40:00.000-05:00,18.355,18.375,18.345,18.37,48191
1703774460,2023-12-28T09:41:00.000-05:00,18.3701,18.3701,18.34,18.35,12451
1703774520,2023-12-28T09:42:00.000-05:00,18.345,18.345,18.3234,18.3396,20726
1703774580,2023-12-28T09:43:00.000-05:00,18.335,18.34,18.3101,18.3101,45578
1703774640,2023-12-28T09:44:00.000-05:00,18.3116,18.32,18.295,18.3,24186
1703774700,2023-12-28T09:45:00.000-05:00,18.3,18.33,18.295,18.33,22852
1703774760,2023-12-28T09:46:00.000-05:00,18.3302,18.35,18.31,18.315,32875
1703774820,2023-12-28T09:47:00.000-05:00,18.305,18.325,18.305,18.31,21682
1703774880,2023-12-28T09:48:00.000-05:00,18.31,18.32,18.29,18.32,56515
1703774940,2023-12-28T09:49:00.000-05:00,18.32,18.33,18.3,18.325,48122
1703775000,2023-12-28T09:50:00.000-05:00,18.33,18.34,18.325,18.3325,41550
1703775060,2023-12-28T09:51:00.000-05:00,18.335,18.36,18.33,18.355,40174
1703775120,2023-12-28T09:52:00.000-05:00,18.3525,18.355,18.3344,18.335,9674
1703775180,2023-12-28T09:53:00.000-05:00,18.33,18.35,18.33,18.345,15121
1703775240,2023-12-28T09:54:00.000-05:00,18.3439,18.375,18.34,18.34,31360
1703775300,2023-12-28T09:55:00.000-05:00,18.35,18.36,18.3425,18.36,13434
1703775360,2023-12-28T09:56:00.000-05:00,18.369,18.37,18.36,18.365,12567
1703775420,2023-12-28T09:57:00.000-05:00,18.3601,18.37,18.3601,18.365,12379
1703775480,2023-12-28T09:58:00.000-05:00,18.36,18.37,18.36,18.365,8722
1703775540,2023-12-28T09:59:00.000-05:00,18.3656,18.37,18.36,18.37,29016
1703775600,2023-12-28T10:00:00.000-05:00,18.37,18.39,18.37,18.39,11207
1703775660,2023-12-28T10:01:00.000-05:00,18.385,18.405,18.385,18.4,57940
1703775720,2023-12-28T10:02:00.000-05:00,18.4,18.4175,18.39,18.415,27889
1703775780,2023-12-28T10:03:00.000-05:00,18.419,18.42,18.395,18.41,32333
1703775840,2023-12-28T10:04:00.000-05:00,18.41,18.415,18.391,18.41,65948
1703775900,2023-12-28T10:05:00.000-05:00,18.41,18.42,18.4,18.415,22558
1703775960,2023-12-28T10:06:00.000-05:00,18.42,18.42,18.3793,18.3793,73219
1703776020,2023-12-28T10:07:00.000-05:00,18.38,18.3899,18.365,18.375,76443
1703776080,2023-12-28T10:08:00.000-05:00,18.37,18.405,18.37,18.405,13644
1703776140,2023-12-28T10:09:00.000-05:00,18.41,18.41,18.38,18.38,9020
1703776200,2023-12-28T10:10:00.000-05:00,18.39,18.395,18.37,18.38,7683
1703776260,2023-12-28T10:11:00.000-05:00,18.3799,18.385,18.37,18.375,18445
1703776320,2023-12-28T10:12:00.000-05:00,18.3799,18.39,18.375,18.3844,20884
1703776380,2023-12-28T10:13:00.000-05:00,18.39,18.39,18.37,18.375,8191
1703776440,2023-12-28T10:14:00.000-05:00,18.37,18.37,18.3607,18.365,7058
1703776500,2023-12-28T10:15:00.000-05:00,18.365,18.365,18.3519,18.355,14452
1703776560,2023-12-28T10:16:00.000-05:00,18.3512,18.36,18.35,18.355,12604
1703776620,2023-12-28T10:17:00.000-05:00,18.3556,18.36,18.3401,18.3499,14631
1703776680,2023-12-28T10:18:00.000-05:00,18.34,18.37,18.34,18.365,43136
1703776740,2023-12-28T10:19:00.000-05:00,18.365,18.37,18.36,18.36,11457
1703776800,2023-12-28T10:20:00.000-05:00,18.36,18.36,18.345,18.345,13498
1703776860,2023-12-28T10:21:00.000-05:00,18.345,18.35,18.34,18.345,3474
1703776920,2023-12-28T10:22:00.000-05:00,18.345,18.35,18.335,18.35,30230
1703776980,2023-12-28T10:23:00.000-05:00,18.3469,18.355,18.345,18.355,24446
1703777040,2023-12-28T10:24:00.000-05:00,18.3593,18.37,18.3593,18.3633,20541
1703777100,2023-12-28T10:25:00.000-05:00,18.37,18.38,18.363,18.363,56751
1703777160,2023-12-28T10:26:00.000-05:00,18.3668,18.3668,18.355,18.36,13787
1703777220,2023-12-28T10:27:00.000-05:00,18.36,18.37,18.36,18.37,12051
1703777280,2023-12-28T10:28:00.000-05:00,18.3699,18.38,18.3699,18.38,9537
1703777340,2023-12-28T10:29:00.000-05:00,18.375,18.38,18.37,18.38,8932
1703777400,2023-12-28T10:30:00.000-05:00,18.379,18.39,18.375,18.385,26951
1703777460,2023-12-28T10:31:00.000-05:00,18.385,18.385,18.36,18.365,18280
1703777520,2023-12-28T10:32:00.000-05:00,18.365,18.37,18.355,18.365,13352
1703777580,2023-12-28T10:33:00.000-05:00,18.3648,18.37,18.355,18.355,13052
1703777640,2023-12-28T10:34:00.000-05:00,18.355,18.36,18.34,18.345,17484
1703777700,2023-12-28T10:35:00.000-05:00,18.3412,18.345,18.33,18.34,57527
1703777760,2023-12-28T10:36:00.000-05:00,18.345,18.3565,18.34,18.355,27649
1703777820,2023-12-28T10:37:00.000-05:00,18.355,18.36,18.35,18.355,6848
1703777880,2023-12-28T10:38:00.000-05:00,18.35,18.3559,18.335,18.335,25636
1703777940,2023-12-28T10:39:00.000-05:00,18.335,18.35,18.33,18.35,33202
1703778000,2023-12-28T10:40:00.000-05:00,18.345,18.36,18.345,18.36,23065
1703778060,2023-12-28T10:41:00.000-05:00,18.36,18.37,18.36,18.36,31360
1703778120,2023-12-28T10:42:00.000-05:00,18.35,18.3509,18.3444,18.345,18908
1703778180,2023-12-28T10:43:00.000-05:00,18.3499,18.35,18.34,18.345,16712
1703778240,2023-12-28T10:44:00.000-05:00,18.35,18.35,18.34,18.345,10227
1703778300,2023-12-28T10:45:00.000-05:00,18.345,18.345,18.3111,18.315,45488
1703778360,2023-12-28T10:46:00.000-05:00,18.32,18.335,18.315,18.335,32957
1703778420,2023-12-28T10:47:00.000-05:00,18.335,18.335,18.32,18.326,29688
1703778480,2023-12-28T10:48:00.000-05:00,18.325,18.3265,18.315,18.315,14605
1703778540,2023-12-28T10:49:00.000-05:00,18.31,18.33,18.31,18.33,33895
1703778600,2023-12-28T10:50:00.000-05:00,18.325,18.33,18.31,18.3197,35139
1703778660,2023-12-28T10:51:00.000-05:00,18.32,18.32,18.3,18.3,33131
1703778720,2023-12-28T10:52:00.000-05:00,18.3,18.31,18.3,18.305,17681
1703778780,2023-12-28T10:53:00.000-05:00,18.305,18.32,18.3044,18.315,20613
1703778840,2023-12-28T10:54:00.000-05:00,18.32,18.32,18.3,18.3047,16048
1703778900,2023-12-28T10:55:00.000-05:00,18.305,18.31,18.3,18.305,9179
1703778960,2023-12-28T10:56:00.000-05:00,18.3016,18.3099,18.3,18.3,16260
1703779020,2023-12-28T10:57:00.000-05:00,18.305,18.31,18.3,18.305,13171
1703779080,2023-12-28T10:58:00.000-05:00,18.305,18.315,18.3,18.31,27252
1703779140,2023-12-28T10:59:00.000-05:00,18.305,18.32,18.3037,18.3122,30427
1703779200,2023-12-28T11:00:00.000-05:00,18.3185,18.325,18.305,18.3084,28412
1703779260,2023-12-28T11:01:00.000-05:00,18.3099,18.315,18.3001,18.3013,29823
1703779320,2023-12-28T11:02:00.000-05:00,18.3002,18.31,18.295,18.295,46765
1703779380,2023-12-28T11:03:00.000-05:00,18.295,18.3,18.28,18.2814,26124
1703779440,2023-12-28T11:04:00.000-05:00,18.28,18.2802,18.27,18.2727,21680
1703779500,2023-12-28T11:05:00.000-05:00,18.2799,18.29,18.275,18.285,27250
1703779560,2023-12-28T11:06:00.000-05:00,18.28,18.28,18.26,18.265,22655
1703779620,2023-12-28T11:07:00.000-05:00,18.265,18.2699,18.26,18.26,12989
1703779680,2023-12-28T11:08:00.000-05:00,18.265,18.265,18.25,18.2555,15121
1703779740,2023-12-28T11:09:00.000-05:00,18.255,18.26,18.24,18.245,26091
1703779800,2023-12-28T11:10:00.000-05:00,18.2402,18.25,18.234,18.245,64174
1703779860,2023-12-28T11:11:00.000-05:00,18.245,18.26,18.245,18.255,27453
1703779920,2023-12-28T11:12:00.000-05:00,18.255,18.26,18.25,18.25,24840
1703779980,2023-12-28T11:13:00.000-05:00,18.25,18.26,18.25,18.255,26089
1703780040,2023-12-28T11:14:00.000-05:00,18.255,18.27,18.255,18.26,34237
1703780100,2023-12-28T11:15:00.000-05:00,18.26,18.26,18.24,18.2432,17744
1703780160,2023-12-28T11:16:00.000-05:00,18.2401,18.2401,18.22,18.23,51598
1703780220,2023-12-28T11:17:00.000-05:00,18.2292,18.2398,18.215,18.22,61481
1703780280,2023-12-28T11:18:00.000-05:00,18.22,18.2398,18.22,18.23,22881
1703780340,2023-12-28T11:19:00.000-05:00,18.235,18.235,18.2299,18.2299,17585
1703780400,2023-12-28T11:20:00.000-05:00,18.22,18.225,18.21,18.215,24504
1703780460,2023-12-28T11:21:00.000-05:00,18.21,18.235,18.21,18.22,44348
1703780520,2023-12-28T11:22:00.000-05:00,18.225,18.225,18.215,18.215,10728
1703780580,2023-12-28T11:23:00.000-05:00,18.21,18.22,18.21,18.2125,24230
1703780640,2023-12-28T11:24:00.000-05:00,18.215,18.22,18.21,18.21,12049
1703780700,2023-12-28T11:25:00.000-05:00,18.21,18.2199,18.2,18.2,17696
1703780760,2023-12-28T11:26:00.000-05:00,18.2,18.21,18.195,18.21,40626
1703780820,2023-12-28T11:27:00.000-05:00,18.2085,18.23,18.2085,18.215,35111
1703780880,2023-12-28T11:28:00.000-05:00,18.22,18.23,18.22,18.2227,35557
1703780940,2023-12-28T11:29:00.000-05:00,18.225,18.23,18.22,18.23,12529
1703781000,2023-12-28T11:30:00.000-05:00,18.225,18.23,18.215,18.2288,42333
1703781060,2023-12-28T11:31:00.000-05:00,18.22,18.25,18.22,18.245,38478
1703781120,2023-12-28T11:32:00.000-05:00,18.245,18.25,18.23,18.235,54430
1703781180,2023-12-28T11:33:00.000-05:00,18.2399,18.2471,18.225,18.2385,78906
1703781240,2023-12-28T11:34:00.000-05:00,18.235,18.245,18.2302,18.2399,30079
1703781300,2023-12-28T11:35:00.000-05:00,18.235,18.24,18.22,18.2201,31584
1703781360,2023-12-28T11:36:00.000-05:00,18.2201,18.23,18.21,18.23,37520
1703781420,2023-12-28T11:37:00.000-05:00,18.225,18.225,18.2,18.205,29493
1703781480,2023-12-28T11:38:00.000-05:00,18.2,18.22,18.195,18.195,47380
1703781540,2023-12-28T11:39:00.000-05:00,18.2,18.21,18.195,18.21,16819
1703781600,2023-12-28T11:40:00.000-05:00,18.205,18.21,18.19,18.1903,23414
1703781660,2023-12-28T11:41:00.000-05:00,18.195,18.2,18.19,18.195,19786
1703781720,2023-12-28T11:42:00.000-05:00,18.195,18.1982,18.1901,18.1938,871
1703781780,2023-12-28T11:43:00.000-05:00,18.195,18.21,18.19,18.21,51273
1703781840,2023-12-28T11:44:00.000-05:00,18.21,18.21,18.2,18.2,25944
1703781900,2023-12-28T11:45:00.000-05:00,18.2,18.2042,18.19,18.1972,24042
1703781960,2023-12-28T11:46:00.000-05:00,18.195,18.2115,18.19,18.2115,32567
1703782020,2023-12-28T11:47:00.000-05:00,18.22,18.235,18.21,18.235,94088
1703782080,2023-12-28T11:48:00.000-05:00,18.23,18.2369,18.2215,18.2215,16941
1703782140,2023-12-28T11:49:00.000-05:00,18.2299,18.23,18.205,18.2172,39535
1703782200,2023-12-28T11:50:00.000-05:00,18.22,18.22,18.205,18.215,30726
1703782260,2023-12-28T11:51:00.000-05:00,18.215,18.22,18.21,18.215,10250
1703782320,2023-12-28T11:52:00.000-05:00,18.215,18.215,18.205,18.205,22146
1703782380,2023-12-28T11:53:00.000-05:00,18.205,18.205,18.19,18.195,18106
1703782440,2023-12-28T11:54:00.000-05:00,18.193,18.195,18.185,18.19,23547
1703782500,2023-12-28T11:55:00.000-05:00,18.18,18.1899,18.18,18.18,7520
1703782560,2023-12-28T11:56:00.000-05:00,18.18,18.2,18.18,18.195,22677
1703782620,2023-12-28T11:57:00.000-05:00,18.1999,18.2,18.19,18.2,12079
1703782680,2023-12-28T11:58:00.000-05:00,18.19,18.1902,18.18,18.187,15330
1703782740,2023-12-28T11:59:00.000-05:00,18.18,18.19,18.18,18.185,12390
1703782800,2023-12-28T12:00:00.000-05:00,18.185,18.2,18.185,18.195,14356
1703782860,2023-12-28T12:01:00.000-05:00,18.2,18.2046,18.195,18.195,26973
1703782920,2023-12-28T12:02:00.000-05:00,18.19,18.2,18.19,18.2,28176
1703782980,2023-12-28T12:03:00.000-05:00,18.2,18.215,18.195,18.215,27248
1703783040,2023-12-28T12:04:00.000-05:00,18.21,18.212,18.205,18.205,13283
1703783100,2023-12-28T12:05:00.000-05:00,18.205,18.21,18.19,18.19,22403
1703783160,2023-12-28T12:06:00.000-05:00,18.195,18.2,18.19,18.19,20095
1703783220,2023-12-28T12:07:00.000-05:00,18.19,18.1987,18.18,18.181,38316
1703783280,2023-12-28T12:08:00.000-05:00,18.185,18.19,18.18,18.185,13580
1703783340,2023-12-28T12:09:00.000-05:00,18.1899,18.19,18.185,18.19,17334
1703783400,2023-12-28T12:10:00.000-05:00,18.185,18.2,18.1848,18.1915,35136
1703783460,2023-12-28T12:11:00.000-05:00,18.1963,18.21,18.1963,18.205,13748
1703783520,2023-12-28T12:12:00.000-05:00,18.2001,18.21,18.2,18.205,33040
1703783580,2023-12-28T12:13:00.000-05:00,18.2048,18.21,18.2,18.205,6466
1703783640,2023-12-28T12:14:00.000-05:00,18.21,18.23,18.205,18.23,29246
1703783700,2023-12-28T12:15:00.000-05:00,18.2215,18.239,18.2215,18.235,18323
1703783760,2023-12-28T12:16:00.000-05:00,18.235,18.2399,18.22,18.225,23307
1703783820,2023-12-28T12:17:00.000-05:00,18.22,18.23,18.22,18.225,7784
1703783880,2023-12-28T12:18:00.000-05:00,18.22,18.23,18.22,18.2268,6560
1703783940,2023-12-28T12:19:00.000-05:00,18.225,18.23,18.22,18.23,12446
1703784000,2023-12-28T12:20:00.000-05:00,18.225,18.23,18.22,18.22,17251
1703784060,2023-12-28T12:21:00.000-05:00,18.225,18.23,18.22,18.2265,6300
1703784120,2023-12-28T12:22:00.000-05:00,18.225,18.225,18.22,18.225,7396
1703784180,2023-12-28T12:23:00.000-05:00,18.22,18.22,18.21,18.215,37468
1703784240,2023-12-28T12:24:00.000-05:00,18.2101,18.22,18.21,18.215,16325
1703784300,2023-12-28T12:25:00.000-05:00,18.22,18.22,18.21,18.22,36800
1703784360,2023-12-28T12:26:00.000-05:00,18.21,18.2102,18.195,18.195,43265
1703784420,2023-12-28T12:27:00.000-05:00,18.1985,18.2,18.19,18.195,14632
1703784480,2023-12-28T12:28:00.000-05:00,18.195,18.21,18.191,18.205,21663
1703784540,2023-12-28T12:29:00.000-05:00,18.205,18.21,18.205,18.205,4409
1703784600,2023-12-28T12:30:00.000-05:00,18.2,18.21,18.2,18.2,7976
1703784660,2023-12-28T12:31:00.000-05:00,18.2,18.21,18.2,18.2,5419
1703784720,2023-12-28T12:32:00.000-05:00,18.21,18.225,18.205,18.22,42980
1703784780,2023-12-28T12:33:00.000-05:00,18.215,18.22,18.21,18.215,3654
1703784840,2023-12-28T12:34:00.000-05:00,18.21,18.22,18.21,18.21,5110
1703784900,2023-12-28T12:35:00.000-05:00,18.21,18.22,18.21,18.2115,6016
1703784960,2023-12-28T12:36:00.000-05:00,18.215,18.22,18.21,18.21,5346
1703785020,2023-12-28T12:37:00.000-05:00,18.21,18.22,18.21,18.22,2898
1703785080,2023-12-28T12:38:00.000-05:00,18.215,18.215,18.21,18.215,4324
1703785140,2023-12-28T12:39:00.000-05:00,18.2101,18.2199,18.21,18.215,9978
1703785200,2023-12-28T12:40:00.000-05:00,18.2199,18.22,18.205,18.2199,45354
1703785260,2023-12-28T12:41:00.000-05:00,18.2162,18.22,18.215,18.2159,6043
1703785320,2023-12-28T12:42:00.000-05:00,18.22,18.22,18.21,18.2106,9657
1703785380,2023-12-28T12:43:00.000-05:00,18.21,18.22,18.21,18.215,20935
1703785440,2023-12-28T12:44:00.000-05:00,18.215,18.22,18.21,18.21,6183
1703785500,2023-12-28T12:45:00.000-05:00,18.21,18.225,18.21,18.22,41857
1703785560,2023-12-28T12:46:00.000-05:00,18.22,18.23,18.21,18.215,21444
1703785620,2023-12-28T12:47:00.000-05:00,18.21,18.2187,18.21,18.215,2946
1703785680,2023-12-28T12:48:00.000-05:00,18.2101,18.2199,18.2,18.2,14548
1703785740,2023-12-28T12:49:00.000-05:00,18.205,18.22,18.205,18.215,21762
1703785800,2023-12-28T12:50:00.000-05:00,18.2109,18.215,18.21,18.2103,14129
1703785860,2023-12-28T12:51:00.000-05:00,18.21,18.2152,18.205,18.205,15044
1703785920,2023-12-28T12:52:00.000-05:00,18.2005,18.22,18.2,18.21,35322
1703785980,2023-12-28T12:53:00.000-05:00,18.215,18.22,18.21,18.215,7480
1703786040,2023-12-28T12:54:00.000-05:00,18.2118,18.22,18.21,18.2199,10580
1703786100,2023-12-28T12:55:00.000-05:00,18.215,18.22,18.21,18.215,4733
1703786160,2023-12-28T12:56:00.000-05:00,18.21,18.22,18.21,18.215,4673
1703786220,2023-12-28T12:57:00.000-05:00,18.21,18.22,18.21,18.22,5170
1703786280,2023-12-28T12:58:00.000-05:00,18.215,18.23,18.215,18.22,54165
1703786340,2023-12-28T12:59:00.000-05:00,18.215,18.215,18.2124,18.215,8714
1703786400,2023-12-28T13:00:00.000-05:00,18.215,18.22,18.21,18.215,11285
1703786460,2023-12-28T13:01:00.000-05:00,18.2186,18.22,18.195,18.195,92198
1703786520,2023-12-28T13:02:00.000-05:00,18.19,18.2,18.17,18.19,38437
1703786580,2023-12-28T13:03:00.000-05:00,18.185,18.19,18.17,18.1748,58914
1703786640,2023-12-28T13:04:00.000-05:00,18.18,18.18,18.165,18.18,38348
1703786700,2023-12-28T13:05:00.000-05:00,18.18,18.185,18.16,18.17,51944
1703786760,2023-12-28T13:06:00.000-05:00,18.17,18.18,18.163,18.163,32301
1703786820,2023-12-28T13:07:00.000-05:00,18.1684,18.17,18.16,18.163,10829
1703786880,2023-12-28T13:08:00.000-05:00,18.1609,18.17,18.16,18.165,20401
1703786940,2023-12-28T13:09:00.000-05:00,18.17,18.19,18.1657,18.185,28487
1703787000,2023-12-28T13:10:00.000-05:00,18.1885,18.1999,18.1885,18.19,24394
1703787060,2023-12-28T13:11:00.000-05:00,18.19,18.2,18.19,18.19,7642
1703787120,2023-12-28T13:12:00.000-05:00,18.19,18.1915,18.18,18.18,25356
1703787180,2023-12-28T13:13:00.000-05:00,18.19,18.205,18.19,18.2015,34092
1703787240,2023-12-28T13:14:00.000-05:00,18.205,18.21,18.205,18.205,5099
1703787300,2023-12-28T13:15:00.000-05:00,18.205,18.21,18.2,18.205,2501
1703787360,2023-12-28T13:16:00.000-05:00,18.2,18.22,18.2,18.215,15914
1703787420,2023-12-28T13:17:00.000-05:00,18.2113,18.22,18.21,18.2139,10478
1703787480,2023-12-28T13:18:00.000-05:00,18.215,18.23,18.215,18.22,28753
1703787540,2023-12-28T13:19:00.000-05:00,18.23,18.24,18.225,18.235,25403
1703787600,2023-12-28T13:20:00.000-05:00,18.235,18.24,18.2338,18.235,11410
1703787660,2023-12-28T13:21:00.000-05:00,18.235,18.2364,18.2348,18.2364,6150
1703787720,2023-12-28T13:22:00.000-05:00,18.235,18.2399,18.23,18.23,8248
1703787780,2023-12-28T13:23:00.000-05:00,18.235,18.24,18.2301,18.235,8801
1703787840,2023-12-28T13:24:00.000-05:00,18.2352,18.25,18.235,18.2401,18909
1703787900,2023-12-28T13:25:00.000-05:00,18.245,18.25,18.235,18.245,43669
1703787960,2023-12-28T13:26:00.000-05:00,18.245,18.25,18.24,18.25,9222
1703788020,2023-12-28T13:27:00.000-05:00,18.24,18.2499,18.24,18.2487,19923
1703788080,2023-12-28T13:28:00.000-05:00,18.245,18.246,18.23,18.23,11912
1703788140,2023-12-28T13:29:00.000-05:00,18.23,18.235,18.2225,18.235,36656
1703788200,2023-12-28T13:30:00.000-05:00,18.235,18.2372,18.23,18.2352,14706
1703788260,2023-12-28T13:31:00.000-05:00,18.235,18.235,18.22,18.225,14040
1703788320,2023-12-28T13:32:00.000-05:00,18.23,18.23,18.221,18.225,6251
1703788380,2023-12-28T13:33:00.000-05:00,18.2218,18.2286,18.22,18.225,11246
1703788440,2023-12-28T13:34:00.000-05:00,18.22,18.23,18.21,18.215,45167
1703788500,2023-12-28T13:35:00.000-05:00,18.2194,18.22,18.21,18.215,18592
1703788560,2023-12-28T13:36:00.000-05:00,18.21,18.215,18.2001,18.214,36508
1703788620,2023-12-28T13:37:00.000-05:00,18.22,18.22,18.21,18.2199,3325
1703788680,2023-12-28T13:38:00.000-05:00,18.215,18.22,18.205,18.205,29536
1703788740,2023-12-28T13:39:00.000-05:00,18.205,18.2185,18.2,18.215,27921
1703788800,2023-12-28T13:40:00.000-05:00,18.21,18.215,18.19,18.205,39517
1703788860,2023-12-28T13:41:00.000-05:00,18.2,18.2085,18.19,18.19,18720
1703788920,2023-12-28T13:42:00.000-05:00,18.195,18.2,18.18,18.19,40176
1703788980,2023-12-28T13:43:00.000-05:00,18.195,18.2,18.19,18.1901,9819
1703789040,2023-12-28T13:44:00.000-05:00,18.195,18.2081,18.195,18.2,24648
1703789100,2023-12-28T13:45:00.000-05:00,18.205,18.21,18.2,18.2052,10028
1703789160,2023-12-28T13:46:00.000-05:00,18.205,18.205,18.19,18.1948,51711
1703789220,2023-12-28T13:47:00.000-05:00,18.19,18.195,18.185,18.185,14854
1703789280,2023-12-28T13:48:00.000-05:00,18.19,18.19,18.185,18.19,23062
1703789340,2023-12-28T13:49:00.000-05:00,18.19,18.195,18.1899,18.195,15988
1703789400,2023-12-28T13:50:00.000-05:00,18.19,18.2,18.19,18.195,14339
1703789460,2023-12-28T13:51:00.000-05:00,18.195,18.2,18.1944,18.1997,9952
1703789520,2023-12-28T13:52:00.000-05:00,18.195,18.2,18.1906,18.195,11064
1703789580,2023-12-28T13:53:00.000-05:00,18.1986,18.21,18.195,18.21,24363
1703789640,2023-12-28T13:54:00.000-05:00,18.205,18.22,18.205,18.215,20375
1703789700,2023-12-28T13:55:00.000-05:00,18.215,18.216,18.2,18.2,43127
1703789760,2023-12-28T13:56:00.000-05:00,18.21,18.22,18.205,18.215,20651
1703789820,2023-12-28T13:57:00.000-05:00,18.21,18.22,18.21,18.215,20832
1703789880,2023-12-28T13:58:00.000-05:00,18.2101,18.22,18.21,18.21,8282
1703789940,2023-12-28T13:59:00.000-05:00,18.215,18.215,18.2,18.205,18910
1703790000,2023-12-28T14:00:00.000-05:00,18.205,18.215,18.2,18.212,31546
1703790060,2023-12-28T14:01:00.000-05:00,18.215,18.2186,18.2001,18.2001,26662
1703790120,2023-12-28T14:02:00.000-05:00,18.2,18.205,18.2,18.2,9143
1703790180,2023-12-28T14:03:00.000-05:00,18.2,18.22,18.2,18.2195,54777
1703790240,2023-12-28T14:04:00.000-05:00,18.22,18.225,18.22,18.225,21274
1703790300,2023-12-28T14:05:00.000-05:00,18.23,18.235,18.215,18.215,60325
1703790360,2023-12-28T14:06:00.000-05:00,18.215,18.2295,18.215,18.225,24589
1703790420,2023-12-28T14:07:00.000-05:00,18.2262,18.23,18.22,18.22,15101
1703790480,2023-12-28T14:08:00.000-05:00,18.2202,18.23,18.22,18.22,6264
1703790540,2023-12-28T14:09:00.000-05:00,18.22,18.225,18.22,18.22,9481
1703790600,2023-12-28T14:10:00.000-05:00,18.22,18.2215,18.22,18.22,13762
1703790660,2023-12-28T14:11:00.000-05:00,18.2245,18.228,18.22,18.225,11661
1703790720,2023-12-28T14:12:00.000-05:00,18.22,18.2299,18.22,18.22,6374
1703790780,2023-12-28T14:13:00.000-05:00,18.22,18.225,18.21,18.21,10856
1703790840,2023-12-28T14:14:00.000-05:00,18.215,18.2199,18.2,18.2,21943
1703790900,2023-12-28T14:15:00.000-05:00,18.205,18.21,18.205,18.205,12314
1703790960,2023-12-28T14:16:00.000-05:00,18.205,18.2099,18.2,18.2,35177
1703791020,2023-12-28T14:17:00.000-05:00,18.2,18.21,18.195,18.205,73495
1703791080,2023-12-28T14:18:00.000-05:00,18.205,18.205,18.2,18.205,3500
1703791140,2023-12-28T14:19:00.000-05:00,18.2,18.2051,18.2,18.2,17534
1703791200,2023-12-28T14:20:00.000-05:00,18.2,18.2,18.18,18.1848,42429
1703791260,2023-12-28T14:21:00.000-05:00,18.185,18.195,18.18,18.1915,31178
1703791320,2023-12-28T14:22:00.000-05:00,18.1912,18.195,18.18,18.18,41385
1703791380,2023-12-28T14:23:00.000-05:00,18.185,18.185,18.18,18.18,20874
1703791440,2023-12-28T14:24:00.000-05:00,18.18,18.19,18.18,18.18,19265
1703791500,2023-12-28T14:25:00.000-05:00,18.185,18.186,18.18,18.18,14766
1703791560,2023-12-28T14:26:00.000-05:00,18.18,18.19,18.17,18.18,59789
1703791620,2023-12-28T14:27:00.000-05:00,18.17,18.195,18.17,18.1915,68757
1703791680,2023-12-28T14:28:00.000-05:00,18.195,18.1999,18.195,18.195,6455
1703791740,2023-12-28T14:29:00.000-05:00,18.19,18.195,18.19,18.195,4624
1703791800,2023-12-28T14:30:00.000-05:00,18.19,18.195,18.19,18.195,3861
1703791860,2023-12-28T14:31:00.000-05:00,18.195,18.21,18.195,18.21,17494
1703791920,2023-12-28T14:32:00.000-05:00,18.2041,18.205,18.184,18.1939,44506
1703791980,2023-12-28T14:33:00.000-05:00,18.195,18.198,18.19,18.195,21466
1703792040,2023-12-28T14:34:00.000-05:00,18.195,18.195,18.18,18.185,26489
1703792100,2023-12-28T14:35:00.000-05:00,18.185,18.185,18.175,18.185,25980
1703792160,2023-12-28T14:36:00.000-05:00,18.185,18.19,18.17,18.1799,80032
1703792220,2023-12-28T14:37:00.000-05:00,18.175,18.1799,18.16,18.1707,84394
1703792280,2023-12-28T14:38:00.000-05:00,18.17,18.1752,18.17,18.175,4638
1703792340,2023-12-28T14:39:00.000-05:00,18.175,18.175,18.16,18.165,27462
1703792400,2023-12-28T14:40:00.000-05:00,18.17,18.17,18.16,18.16,9575
1703792460,2023-12-28T14:41:00.000-05:00,18.1603,18.165,18.16,18.165,11386
1703792520,2023-12-28T14:42:00.000-05:00,18.1601,18.17,18.15,18.1605,46765
1703792580,2023-12-28T14:43:00.000-05:00,18.165,18.175,18.16,18.175,32710
1703792640,2023-12-28T14:44:00.000-05:00,18.175,18.18,18.17,18.1743,5938
1703792700,2023-12-28T14:45:00.000-05:00,18.175,18.175,18.16,18.16,43209
1703792760,2023-12-28T14:46:00.000-05:00,18.1604,18.1604,18.14,18.14,46986
1703792820,2023-12-28T14:47:00.000-05:00,18.14,18.15,18.14,18.1401,10443
1703792880,2023-12-28T14:48:00.000-05:00,18.14,18.1498,18.13,18.1444,37468
1703792940,2023-12-28T14:49:00.000-05:00,18.145,18.1553,18.145,18.1501,17584
1703793000,2023-12-28T14:50:00.000-05:00,18.155,18.16,18.1401,18.145,21014
1703793060,2023-12-28T14:51:00.000-05:00,18.1484,18.1484,18.14,18.145,30332
1703793120,2023-12-28T14:52:00.000-05:00,18.145,18.15,18.14,18.145,18443
1703793180,2023-12-28T14:53:00.000-05:00,18.14,18.15,18.14,18.145,3779
1703793240,2023-12-28T14:54:00.000-05:00,18.1433,18.15,18.14,18.145,14396
1703793300,2023-12-28T14:55:00.000-05:00,18.15,18.15,18.14,18.1403,9502
1703793360,2023-12-28T14:56:00.000-05:00,18.145,18.146,18.14,18.145,12811
1703793420,2023-12-28T14:57:00.000-05:00,18.145,18.15,18.14,18.15,20562
1703793480,2023-12-28T14:58:00.000-05:00,18.145,18.15,18.135,18.135,33288
1703793540,2023-12-28T14:59:00.000-05:00,18.13,18.14,18.13,18.1399,6753
1703793600,2023-12-28T15:00:00.000-05:00,18.135,18.135,18.12,18.13,43065
1703793660,2023-12-28T15:01:00.000-05:00,18.13,18.14,18.125,18.1317,28507
1703793720,2023-12-28T15:02:00.000-05:00,18.135,18.145,18.12,18.125,77659
1703793780,2023-12-28T15:03:00.000-05:00,18.125,18.13,18.115,18.125,78107
1703793840,2023-12-28T15:04:00.000-05:00,18.125,18.14,18.1201,18.125,43601
1703793900,2023-12-28T15:05:00.000-05:00,18.1281,18.1285,18.12,18.125,25824
1703793960,2023-12-28T15:06:00.000-05:00,18.1281,18.135,18.12,18.1301,29578
1703794020,2023-12-28T15:07:00.000-05:00,18.1332,18.14,18.13,18.14,11989
1703794080,2023-12-28T15:08:00.000-05:00,18.135,18.14,18.13,18.135,25666
1703794140,2023-12-28T15:09:00.000-05:00,18.135,18.14,18.1325,18.135,14959
1703794200,2023-12-28T15:10:00.000-05:00,18.135,18.149,18.13,18.1428,60712
1703794260,2023-12-28T15:11:00.000-05:00,18.145,18.15,18.1418,18.1495,16056
1703794320,2023-12-28T15:12:00.000-05:00,18.145,18.1499,18.13,18.135,41428
1703794380,2023-12-28T15:13:00.000-05:00,18.13,18.1399,18.125,18.1399,73338
1703794440,2023-12-28T15:14:00.000-05:00,18.135,18.135,18.125,18.125,21710
1703794500,2023-12-28T15:15:00.000-05:00,18.125,18.1399,18.125,18.13,34725
1703794560,2023-12-28T15:16:00.000-05:00,18.135,18.135,18.125,18.125,22197
1703794620,2023-12-28T15:17:00.000-05:00,18.125,18.14,18.1201,18.135,43520
1703794680,2023-12-28T15:18:00.000-05:00,18.135,18.14,18.124,18.125,39357
1703794740,2023-12-28T15:19:00.000-05:00,18.125,18.1285,18.115,18.1199,61717
1703794800,2023-12-28T15:20:00.000-05:00,18.1197,18.14,18.115,18.1299,59292
1703794860,2023-12-28T15:21:00.000-05:00,18.125,18.13,18.12,18.125,25690
1703794920,2023-12-28T15:22:00.000-05:00,18.125,18.13,18.12,18.125,24986
1703794980,2023-12-28T15:23:00.000-05:00,18.1218,18.13,18.1101,18.115,33457
1703795040,2023-12-28T15:24:00.000-05:00,18.115,18.13,18.1125,18.125,59613
1703795100,2023-12-28T15:25:00.000-05:00,18.12,18.13,18.12,18.125,18558
1703795160,2023-12-28T15:26:00.000-05:00,18.125,18.1299,18.12,18.12,17708
1703795220,2023-12-28T15:27:00.000-05:00,18.12,18.12,18.11,18.115,35877
1703795280,2023-12-28T15:28:00.000-05:00,18.115,18.1199,18.1,18.105,31038
1703795340,2023-12-28T15:29:00.000-05:00,18.11,18.1152,18.105,18.115,44027
1703795400,2023-12-28T15:30:00.000-05:00,18.1138,18.13,18.1138,18.125,57673
1703795460,2023-12-28T15:31:00.000-05:00,18.1231,18.1299,18.12,18.1226,30896
1703795520,2023-12-28T15:32:00.000-05:00,18.12,18.125,18.11,18.125,63073
1703795580,2023-12-28T15:33:00.000-05:00,18.125,18.125,18.1104,18.115,38082
1703795640,2023-12-28T15:34:00.000-05:00,18.115,18.1199,18.11,18.115,31741
1703795700,2023-12-28T15:35:00.000-05:00,18.12,18.13,18.11,18.125,57043
1703795760,2023-12-28T15:36:00.000-05:00,18.125,18.13,18.11,18.1107,97052
1703795820,2023-12-28T15:37:00.000-05:00,18.115,18.135,18.11,18.12,81802
1703795880,2023-12-28T15:38:00.000-05:00,18.125,18.13,18.11,18.12,73364
1703795940,2023-12-28T15:39:00.000-05:00,18.11,18.1199,18.11,18.11,16747
1703796000,2023-12-28T15:40:00.000-05:00,18.115,18.12,18.11,18.115,26790
1703796060,2023-12-28T15:41:00.000-05:00,18.11,18.12,18.11,18.11,14006
1703796120,2023-12-28T15:42:00.000-05:00,18.1185,18.12,18.11,18.11,22844
1703796180,2023-12-28T15:43:00.000-05:00,18.115,18.13,18.11,18.1299,68807
1703796240,2023-12-28T15:44:00.000-05:00,18.1248,18.13,18.12,18.12,52668
1703796300,2023-12-28T15:45:00.000-05:00,18.12,18.13,18.11,18.12,40084
1703796360,2023-12-28T15:46:00.000-05:00,18.115,18.12,18.11,18.115,25661
1703796420,2023-12-28T15:47:00.000-05:00,18.115,18.1151,18.1,18.1,63716
1703796480,2023-12-28T15:48:00.000-05:00,18.1,18.11,18.1,18.105,50831
1703796540,2023-12-28T15:49:00.000-05:00,18.1,18.115,18.1,18.115,58608
1703796600,2023-12-28T15:50:00.000-05:00,18.115,18.115,18.09,18.0955,93262
1703796660,2023-12-28T15:51:00.000-05:00,18.095,18.1,18.08,18.085,98811
1703796720,2023-12-28T15:52:00.000-05:00,18.09,18.09,18.08,18.085,117800
1703796780,2023-12-28T15:53:00.000-05:00,18.085,18.09,18.08,18.085,74726
1703796840,2023-12-28T15:54:00.000-05:00,18.085,18.09,18.08,18.085,76325
1703796900,2023-12-28T15:55:00.000-05:00,18.08,18.09,18.08,18.08,43300
1703796960,2023-12-28T15:56:00.000-05:00,18.085,18.09,18.08,18.0801,67308
1703797020,2023-12-28T15:57:00.000-05:00,18.08,18.09,18.08,18.085,77998
1703797080,2023-12-28T15:58:00.000-05:00,18.0854,18.1,18.08,18.095,142853
1703797140,2023-12-28T15:59:00.000-05:00,18.1,18.1,18.08,18.0975,321281
1703797200,2023-12-28T16:00:00.000-05:00,18.09,18.09,18.09,18.09,365453
1703797500,2023-12-28T16:05:00.000-05:00,18.1,18.1,18.1,18.1,306
1703797560,2023-12-28T16:06:00.000-05:00,18.1,18.1,18.09,18.09,1032
1703797680,2023-12-28T16:08:00.000-05:00,18.0903,18.0903,18.0903,18.0903,606
1703797800,2023-12-28T16:10:00.000-05:00,18.0902,18.0902,18.0902,18.0902,435
1703797860,2023-12-28T16:11:00.000-05:00,18.1,18.1,18.1,18.1,739
1703797920,2023-12-28T16:12:00.000-05:00,18.11,18.11,18.11,18.11,917
1703798100,2023-12-28T16:15:00.000-05:00,18.09,18.09,18.09,18.09,101
1703798400,2023-12-28T16:20:00.000-05:00,18.1095,18.1095,18.1095,18.1095,380
1703798640,2023-12-28T16:24:00.000-05:00,18.0905,18.0905,18.0905,18.0905,251
1703798760,2023-12-28T16:26:00.000-05:00,18.09,18.09,18.09,18.09,100
1703798880,2023-12-28T16:28:00.000-05:00,18.1,18.1,18.09,18.09,2069
1703799060,2023-12-28T16:31:00.000-05:00,18.09,18.09,18.09,18.09,250
1703799120,2023-12-28T16:32:00.000-05:00,18.0899,18.0899,18.0899,18.0899,289
1703799240,2023-12-28T16:34:00.000-05:00,18.0898,18.0898,18.0898,18.0898,333
1703799600,2023-12-28T16:40:00.000-05:00,18.09,18.09,18.09,18.09,400
1703799660,2023-12-28T16:41:00.000-05:00,18.0897,18.0897,18.0897,18.0897,100
1703799720,2023-12-28T16:42:00.000-05:00,18.0899,18.0899,18.0899,18.0899,523
1703799840,2023-12-28T16:44:00.000-05:00,18.11,18.11,18.11,18.11,943
1703800020,2023-12-28T16:47:00.000-05:00,18.1097,18.1097,18.09,18.09,954
1703800200,2023-12-28T16:50:00.000-05:00,18.0815,18.0815,18.0815,18.0815,407
1703801040,2023-12-28T17:04:00.000-05:00,18.1,18.1,18.1,18.1,2000
1703801340,2023-12-28T17:09:00.000-05:00,18.1,18.1,18.1,18.1,501
1703801640,2023-12-28T17:14:00.000-05:00,18.1,18.1,18.0903,18.0903,630
1703801940,2023-12-28T17:19:00.000-05:00,18.0902,18.0902,18.0902,18.0902,200
1703802720,2023-12-28T17:32:00.000-05:00,18.09,18.09,18.09,18.09,1101
1703802900,2023-12-28T17:35:00.000-05:00,18.09,18.09,18.09,18.09,1000
1703802960,2023-12-28T17:36:00.000-05:00,18.09,18.09,18.09,18.09,552
1703803020,2023-12-28T17:37:00.000-05:00,18.0801,18.0801,18.0801,18.0801,26504
1703803440,2023-12-28T17:44:00.000-05:00,18.08,18.08,18.08,18.08,404
1703803500,2023-12-28T17:45:00.000-05:00,18.0803,18.0803,18.0803,18.0803,592
1703806980,2023-12-28T18:43:00.000-05:00,18.09,18.09,18.09,18.09,262
1703807220,2023-12-28T18:47:00.000-05:00,18.1,18.1,18.1,18.1,101
1703807460,2023-12-28T18:51:00.000-05:00,18.09,18.09,18.09,18.09,500
1703807520,2023-12-28T18:52:00.000-05:00,18.09,18.09,18.09,18.09,600
1703807940,2023-12-28T18:59:00.000-05:00,18.09,18.09,18.09,18.09,1000
1703808240,2023-12-28T19:04:00.000-05:00,18.09,18.09,18.09,18.09,210
1703808420,2023-12-28T19:07:00.000-05:00,18.09,18.09,18.09,18.09,500
1703808720,2023-12-28T19:12:00.000-05:00,18.1,18.1,18.1,18.1,1050
1703808960,2023-12-28T19:16:00.000-05:00,18.09,18.09,18.09,18.09,1080
1703809140,2023-12-28T19:19:00.000-05:00,18.11,18.11,18.11,18.11,100
1703809680,2023-12-28T19:28:00.000-05:00,18.11,18.11,18.11,18.11,321
1703810220,2023-12-28T19:37:00.000-05:00,18.15,18.15,18.15,18.15,303
1703810400,2023-12-28T19:40:00.000-05:00,18.13,18.13,18.13,18.13,281
1703840460,2023-12-29T04:01:00.000-05:00,18.13,18.13,18.13,18.13,121
1703841660,2023-12-29T04:21:00.000-05:00,18.13,18.16,18.08,18.08,4000
1703842680,2023-12-29T04:38:00.000-05:00,18.08,18.08,18.08,18.08,200
1703844360,2023-12-29T05:06:00.000-05:00,18.11,18.11,18.11,18.11,100
1703845200,2023-12-29T05:20:00.000-05:00,18.08,18.08,18.07,18.07,3000
1703845980,2023-12-29T05:33:00.000-05:00,18.07,18.07,18.07,18.07,1550
1703846400,2023-12-29T05:40:00.000-05:00,18.07,18.07,18.07,18.07,1110
1703846880,2023-12-29T05:48:00.000-05:00,18.06,18.06,18.06,18.06,450
1703847180,2023-12-29T05:53:00.000-05:00,18.06,18.06,18.06,18.06,523
1703847300,2023-12-29T05:55:00.000-05:00,18.06,18.07,18.06,18.06,1100
1703847660,2023-12-29T06:01:00.000-05:00,18.07,18.07,18.07,18.07,1889
1703847720,2023-12-29T06:02:00.000-05:00,18.08,18.08,18.08,18.08,3000
1703848020,2023-12-29T06:07:00.000-05:00,18.08,18.08,18.08,18.08,210
1703850300,2023-12-29T06:45:00.000-05:00,18.08,18.08,18.08,18.08,370
1703851200,2023-12-29T07:00:00.000-05:00,18.08,18.0803,18.08,18.0803,2916
1703851500,2023-12-29T07:05:00.000-05:00,18.09,18.09,18.09,18.09,500
1703851800,2023-12-29T07:10:00.000-05:00,18.09,18.09,18.09,18.09,2500
1703851860,2023-12-29T07:11:00.000-05:00,18.0899,18.0899,18.0899,18.0899,600
1703852040,2023-12-29T07:14:00.000-05:00,18.09,18.09,18.09,18.09,301
1703852100,2023-12-29T07:15:00.000-05:00,18.08,18.09,18.08,18.09,436
1703852220,2023-12-29T07:17:00.000-05:00,18.07,18.07,18.07,18.07,100
1703852520,2023-12-29T07:22:00.000-05:00,18.06,18.09,18.06,18.09,241
1703852640,2023-12-29T07:24:00.000-05:00,18.0646,18.0646,18.0646,18.0646,169
1703853060,2023-12-29T07:31:00.000-05:00,18.09,18.09,18.09,18.09,2011
1703853180,2023-12-29T07:33:00.000-05:00,18.09,18.09,18.09,18.09,1012
1703853240,2023-12-29T07:34:00.000-05:00,18.08,18.08,18.08,18.08,395
1703853540,2023-12-29T07:39:00.000-05:00,18.09,18.09,18.09,18.09,100
1703853660,2023-12-29T07:41:00.000-05:00,18.06,18.06,18.06,18.06,750
1703854020,2023-12-29T07:47:00.000-05:00,18.06,18.06,18.06,18.06,269
1703854680,2023-12-29T07:58:00.000-05:00,18.08,18.1,18.08,18.1,4016
1703855460,2023-12-29T08:11:00.000-05:00,18.08,18.08,18.08,18.08,100
1703855580,2023-12-29T08:13:00.000-05:00,18.09,18.09,18.09,18.09,2063
1703855640,2023-12-29T08:14:00.000-05:00,18.1,18.1,18.1,18.1,114
1703856120,2023-12-29T08:22:00.000-05:00,18.0903,18.0903,18.0902,18.0902,1110
1703856180,2023-12-29T08:23:00.000-05:00,18.09,18.1,18.09,18.1,1114
1703856240,2023-12-29T08:24:00.000-05:00,18.0902,18.0902,18.0902,18.0902,1054
1703856360,2023-12-29T08:26:00.000-05:00,18.0998,18.0998,18.0998,18.0998,3000
1703856420,2023-12-29T08:27:00.000-05:00,18.1,18.1,18.1,18.1,220
1703856480,2023-12-29T08:28:00.000-05:00,18.1,18.1,18.1,18.1,1248
1703856540,2023-12-29T08:29:00.000-05:00,18.09,18.09,18.09,18.09,1000
1703857560,2023-12-29T08:46:00.000-05:00,18.1,18.1,18.1,18.1,1067
1703857680,2023-12-29T08:48:00.000-05:00,18.1,18.1,18.1,18.1,506
1703857800,2023-12-29T08:50:00.000-05:00,18.1,18.1,18.1,18.1,1084
1703857860,2023-12-29T08:51:00.000-05:00,18.09,18.0901,18.09,18.0901,5104
1703857920,2023-12-29T08:52:00.000-05:00,18.0906,18.0906,18.0906,18.0906,1002
1703857980,2023-12-29T08:53:00.000-05:00,18.09,18.09,18.08,18.08,3115
1703858040,2023-12-29T08:54:00.000-05:00,18.05,18.05,18.05,18.05,827
1703858100,2023-12-29T08:55:00.000-05:00,18.05,18.05,18.04,18.04,5928
1703858160,2023-12-29T08:56:00.000-05:00,18.03,18.03,18.03,18.03,200
1703858220,2023-12-29T08:57:00.000-05:00,18.05,18.05,18.05,18.05,230
1703858280,2023-12-29T08:58:00.000-05:00,18.025,18.025,18.025,18.025,537
1703858340,2023-12-29T08:59:00.000-05:00,18.03,18.03,18.03,18.03,6559
1703858520,2023-12-29T09:02:00.000-05:00,18.05,18.05,18.05,18.05,1858
1703858700,2023-12-29T09:05:00.000-05:00,18.04,18.04,18.04,18.04,606
1703858820,2023-12-29T09:07:00.000-05:00,18.02,18.03,18.02,18.02,620
1703858880,2023-12-29T09:08:00.000-05:00,18.02,18.02,18.02,18.02,4508
1703858940,2023-12-29T09:09:00.000-05:00,18.05,18.05,18.02,18.02,5660
1703859000,2023-12-29T09:10:00.000-05:00,18.05,18.05,18.05,18.05,200
1703859060,2023-12-29T09:11:00.000-05:00,18.02,18.04,18.02,18.04,250
1703859120,2023-12-29T09:12:00.000-05:00,18.02,18.02,18.02,18.02,100
1703859240,2023-12-29T09:14:00.000-05:00,18.04,18.04,18.04,18.04,151
1703859360,2023-12-29T09:16:00.000-05:00,18.0401,18.0401,18.0401,18.0401,355
1703859600,2023-12-29T09:20:00.000-05:00,18.03,18.0303,18.03,18.0303,7100
1703859660,2023-12-29T09:21:00.000-05:00,18.04,18.04,18.04,18.04,400
1703859780,2023-12-29T09:23:00.000-05:00,18.04,18.04,18.04,18.04,303
1703859840,2023-12-29T09:24:00.000-05:00,18.04,18.04,18.04,18.04,300
1703859960,2023-12-29T09:26:00.000-05:00,18.02,18.05,18.02,18.05,500
1703860140,2023-12-29T09:29:00.000-05:00,18.02,18.04,18.02,18.03,4804
1703860200,2023-12-29T09:30:00.000-05:00,18.02,18.02,17.93,17.97,175547
1703860260,2023-12-29T09:31:00.000-05:00,17.96,17.975,17.9,17.905,74033
1703860320,2023-12-29T09:32:00.000-05:00,17.9046,17.905,17.83,17.895,47100
1703860380,2023-12-29T09:33:00.000-05:00,17.9,17.925,17.89,17.925,39941
1703860440,2023-12-29T09:34:00.000-05:00,17.925,17.955,17.925,17.955,34288
1703860500,2023-12-29T09:35:00.000-05:00,17.95,17.965,17.93,17.95,25069
1703860560,2023-12-29T09:36:00.000-05:00,17.955,18.005,17.955,17.9902,67290
1703860620,2023-12-29T09:37:00.000-05:00,17.99,17.99,17.96,17.96,28929
1703860680,2023-12-29T09:38:00.000-05:00,17.96,17.99,17.9598,17.9777,31353
1703860740,2023-12-29T09:39:00.000-05:00,17.97,17.985,17.96,17.97,12382
1703860800,2023-12-29T09:40:00.000-05:00,17.97,17.97,17.95,17.97,14283
1703860860,2023-12-29T09:41:00.000-05:00,17.97,17.98,17.96,17.9648,7477
1703860920,2023-12-29T09:42:00.000-05:00,17.97,18.0,17.941,17.99,29875
1703860980,2023-12-29T09:43:00.000-05:00,18.0,18.02,18.0,18.01,16252
1703861040,2023-12-29T09:44:00.000-05:00,18.005,18.01,18.0,18.0,16179
1703861100,2023-12-29T09:45:00.000-05:00,18.0,18.05,18.0,18.04,89824
1703861160,2023-12-29T09:46:00.000-05:00,18.0322,18.04,18.0,18.0013,14802
1703861220,2023-12-29T09:47:00.000-05:00,18.01,18.02,18.0,18.0001,15178
1703861280,2023-12-29T09:48:00.000-05:00,18.01,18.045,18.01,18.04,43470
1703861340,2023-12-29T09:49:00.000-05:00,18.05,18.05,18.02,18.02,15429
1703861400,2023-12-29T09:50:00.000-05:00,18.03,18.035,17.9998,18.01,33008
1703861460,2023-12-29T09:51:00.000-05:00,18.0,18.0,17.9732,17.9732,13767
1703861520,2023-12-29T09:52:00.000-05:00,17.97,17.98,17.955,17.96,15144
1703861580,2023-12-29T09:53:00.000-05:00,17.96,17.96,17.945,17.96,16159
1703861640,2023-12-29T09:54:00.000-05:00,17.96,17.97,17.96,17.96,6515
1703861700,2023-12-29T09:55:00.000-05:00,17.965,17.97,17.96,17.9668,21452
1703861760,2023-12-29T09:56:00.000-05:00,17.965,17.97,17.955,17.965,25076
1703861820,2023-12-29T09:57:00.000-05:00,17.9601,17.975,17.955,17.975,18205
1703861880,2023-12-29T09:58:00.000-05:00,17.9799,17.995,17.97,17.99,28402
1703861940,2023-12-29T09:59:00.000-05:00,17.985,18.0,17.985,17.99,14063
1703862000,2023-12-29T10:00:00.000-05:00,18.0,18.015,17.995,18.005,27156
1703862060,2023-12-29T10:01:00.000-05:00,18.0,18.025,18.0,18.025,25577
1703862120,2023-12-29T10:02:00.000-05:00,18.02,18.02,18.0,18.0081,19088
1703862180,2023-12-29T10:03:00.000-05:00,18.01,18.015,18.0,18.0121,16687
1703862240,2023-12-29T10:04:00.000-05:00,18.015,18.025,18.015,18.025,14597
1703862300,2023-12-29T10:05:00.000-05:00,18.03,18.0415,18.0134,18.0199,21285
1703862360,2023-12-29T10:06:00.000-05:00,18.02,18.02,18.01,18.015,12221
1703862420,2023-12-29T10:07:00.000-05:00,18.01,18.025,18.01,18.01,29878
1703862480,2023-12-29T10:08:00.000-05:00,18.02,18.025,18.005,18.0097,88147
1703862540,2023-12-29T10:09:00.000-05:00,18.0,18.0099,17.99,17.995,20632
1703862600,2023-12-29T10:10:00.000-05:00,17.995,18.015,17.995,18.01,13444
1703862660,2023-12-29T10:11:00.000-05:00,18.01,18.02,18.005,18.01,21291
1703862720,2023-12-29T10:12:00.000-05:00,18.005,18.0083,17.993,18.005,28144
1703862780,2023-12-29T10:13:00.000-05:00,17.9956,18.0088,17.995,18.005,10613
1703862840,2023-12-29T10:14:00.000-05:00,18.005,18.005,18.0,18.005,4708
1703862900,2023-12-29T10:15:00.000-05:00,18.005,18.005,17.991,18.005,22155
1703862960,2023-12-29T10:16:00.000-05:00,18.005,18.02,18.0,18.005,20908
1703863020,2023-12-29T10:17:00.000-05:00,18.0028,18.0097,17.99,18.005,28299
1703863080,2023-12-29T10:18:00.000-05:00,18.005,18.02,18.005,18.01,71514
1703863140,2023-12-29T10:19:00.000-05:00,18.01,18.02,18.01,18.015,23978
1703863200,2023-12-29T10:20:00.000-05:00,18.01,18.02,17.99,18.0,39488
1703863260,2023-12-29T10:21:00.000-05:00,17.995,17.999,17.985,17.995,32102
1703863320,2023-12-29T10:22:00.000-05:00,17.995,18.005,17.99,18.0,16472
1703863380,2023-12-29T10:23:00.000-05:00,17.995,17.995,17.98,17.9915,18736
1703863440,2023-12-29T10:24:00.000-05:00,17.9948,17.995,17.98,17.98,23782
1703863500,2023-12-29T10:25:00.000-05:00,17.98,17.99,17.98,17.99,11828
1703863560,2023-12-29T10:26:00.000-05:00,17.985,17.99,17.98,17.985,9811
1703863620,2023-12-29T10:27:00.000-05:00,17.988,17.99,17.98,17.985,21239
1703863680,2023-12-29T10:28:00.000-05:00,17.98,17.99,17.975,17.975,17756
1703863740,2023-12-29T10:29:00.000-05:00,17.975,17.99,17.975,17.9885,22875
1703863800,2023-12-29T10:30:00.000-05:00,17.99,18.0,17.985,17.995,32450
1703863860,2023-12-29T10:31:00.000-05:00,17.995,18.02,17.99,18.0115,100280
1703863920,2023-12-29T10:32:00.000-05:00,18.0102,18.02,18.0,18.02,29172
1703863980,2023-12-29T10:33:00.000-05:00,18.0135,18.035,18.0135,18.025,47712
1703864040,2023-12-29T10:34:00.000-05:00,18.025,18.025,18.0,18.01,38798
1703864100,2023-12-29T10:35:00.000-05:00,18.01,18.0152,18.005,18.0152,14032
1703864160,2023-12-29T10:36:00.000-05:00,18.02,18.035,18.015,18.02,30976
1703864220,2023-12-29T10:37:00.000-05:00,18.02,18.03,18.02,18.03,9222
1703864280,2023-12-29T10:38:00.000-05:00,18.03,18.04,18.03,18.035,17795
1703864340,2023-12-29T10:39:00.000-05:00,18.035,18.04,18.025,18.025,33494
1703864400,2023-12-29T10:40:00.000-05:00,18.0211,18.04,18.0211,18.025,45884
1703864460,2023-12-29T10:41:00.000-05:00,18.02,18.03,18.02,18.025,12290
1703864520,2023-12-29T10:42:00.000-05:00,18.025,18.025,18.01,18.01,22028
1703864580,2023-12-29T10:43:00.000-05:00,18.0103,18.0157,17.99,17.995,28809
1703864640,2023-12-29T10:44:00.000-05:00,18.0,18.0078,17.99,17.99,36696
1703864700,2023-12-29T10:45:00.000-05:00,18.0,18.0,17.985,17.985,49199
1703864760,2023-12-29T10:46:00.000-05:00,17.98,17.985,17.97,17.975,14160
1703864820,2023-12-29T10:47:00.000-05:00,17.98,18.01,17.9741,18.01,24365
1703864880,2023-12-29T10:48:00.000-05:00,18.01,18.01,18.0,18.005,12481
1703864940,2023-12-29T10:49:00.000-05:00,18.0016,18.015,17.995,18.0,27870
1703865000,2023-12-29T10:50:00.000-05:00,18.0,18.01,17.995,18.01,12559
1703865060,2023-12-29T10:51:00.000-05:00,18.0,18.0095,18.0,18.005,4026
1703865120,2023-12-29T10:52:00.000-05:00,18.005,18.01,18.0,18.005,11804
1703865180,2023-12-29T10:53:00.000-05:00,18.005,18.005,17.98,17.985,35095
1703865240,2023-12-29T10:54:00.000-05:00,17.99,18.005,17.985,17.995,31212
1703865300,2023-12-29T10:55:00.000-05:00,17.995,18.01,17.99,18.005,22030
1703865360,2023-12-29T10:56:00.000-05:00,18.0097,18.015,18.001,18.005,16555
1703865420,2023-12-29T10:57:00.000-05:00,18.0006,18.02,18.0,18.02,23629
1703865480,2023-12-29T10:58:00.000-05:00,18.015,18.0167,18.01,18.01,16679
1703865540,2023-12-29T10:59:00.000-05:00,18.02,18.03,18.01,18.01,28492
1703865600,2023-12-29T11:00:00.000-05:00,18.005,18.015,18.0,18.015,19111
1703865660,2023-12-29T11:01:00.000-05:00,18.015,18.04,18.015,18.035,21783
1703865720,2023-12-29T11:02:00.000-05:00,18.04,18.045,18.01,18.02,37222
1703865780,2023-12-29T11:03:00.000-05:00,18.01,18.025,18.01,18.015,20188
1703865840,2023-12-29T11:04:00.000-05:00,18.015,18.04,18.015,18.04,58086
1703865900,2023-12-29T11:05:00.000-05:00,18.04,18.045,18.03,18.0303,27073
1703865960,2023-12-29T11:06:00.000-05:00,18.035,18.0397,18.02,18.0348,24248
1703866020,2023-12-29T11:07:00.000-05:00,18.035,18.045,18.035,18.0385,27990
1703866080,2023-12-29T11:08:00.000-05:00,18.035,18.0398,18.02,18.03,46834
1703866140,2023-12-29T11:09:00.000-05:00,18.035,18.04,18.03,18.035,15294
1703866200,2023-12-29T11:10:00.000-05:00,18.04,18.04,18.025,18.0299,26608
1703866260,2023-12-29T11:11:00.000-05:00,18.035,18.04,18.025,18.0285,14996
1703866320,2023-12-29T11:12:00.000-05:00,18.025,18.03,18.01,18.02,31070
1703866380,2023-12-29T11:13:00.000-05:00,18.02,18.02,18.01,18.02,8084
1703866440,2023-12-29T11:14:00.000-05:00,18.02,18.035,18.01,18.02,48326
1703866500,2023-12-29T11:15:00.000-05:00,18.02,18.03,18.01,18.03,14728
1703866560,2023-12-29T11:16:00.000-05:00,18.03,18.035,18.01,18.015,20450
1703866620,2023-12-29T11:17:00.000-05:00,18.01,18.025,18.01,18.025,11406
1703866680,2023-12-29T11:18:00.000-05:00,18.03,18.0354,18.015,18.02,20125
1703866740,2023-12-29T11:19:00.000-05:00,18.02,18.025,18.01,18.02,18467
1703866800,2023-12-29T11:20:00.000-05:00,18.0185,18.025,18.015,18.025,20542
1703866860,2023-12-29T11:21:00.000-05:00,18.025,18.025,18.01,18.015,12738
1703866920,2023-12-29T11:22:00.000-05:00,18.01,18.02,18.01,18.0139,9147
1703866980,2023-12-29T11:23:00.000-05:00,18.015,18.015,18.015,18.015,599
1703867040,2023-12-29T11:24:00.000-05:00,18.015,18.027,18.015,18.025,8771
1703867100,2023-12-29T11:25:00.000-05:00,18.025,18.025,18.005,18.015,36659
1703867160,2023-12-29T11:26:00.000-05:00,18.015,18.015,18.0,18.005,7911
1703867220,2023-12-29T11:27:00.000-05:00,18.0,18.005,17.99,18.0,20424
1703867280,2023-12-29T11:28:00.000-05:00,17.995,17.9982,17.98,17.98,11272
1703867340,2023-12-29T11:29:00.000-05:00,17.98,17.985,17.97,17.97,16913
1703867400,2023-12-29T11:30:00.000-05:00,17.97,17.99,17.97,17.9885,18824
1703867460,2023-12-29T11:31:00.000-05:00,17.98,17.985,17.97,17.975,29930
1703867520,2023-12-29T11:32:00.000-05:00,17.975,17.98,17.96,17.965,31966
1703867580,2023-12-29T11:33:00.000-05:00,17.9615,17.98,17.9615,17.975,16413
1703867640,2023-12-29T11:34:00.000-05:00,17.97,17.99,17.97,17.98,25656
1703867700,2023-12-29T11:35:00.000-05:00,17.98,17.985,17.97,17.985,10502
1703867760,2023-12-29T11:36:00.000-05:00,17.985,17.99,17.98,17.99,6763
1703867820,2023-12-29T11:37:00.000-05:00,17.98,17.99,17.98,17.99,7448
1703867880,2023-12-29T11:38:00.000-05:00,17.985,17.99,17.98,17.985,29473
1703867940,2023-12-29T11:39:00.000-05:00,17.985,17.9898,17.98,17.984,12642
1703868000,2023-12-29T11:40:00.000-05:00,17.985,17.99,17.985,17.988,2235
1703868060,2023-12-29T11:41:00.000-05:00,17.985,17.985,17.98,17.985,13521
1703868120,2023-12-29T11:42:00.000-05:00,17.99,17.99,17.975,17.975,14802
1703868180,2023-12-29T11:43:00.000-05:00,17.975,17.98,17.9603,17.965,20540
1703868240,2023-12-29T11:44:00.000-05:00,17.965,17.98,17.965,17.975,14519
1703868300,2023-12-29T11:45:00.000-05:00,17.975,17.9979,17.975,17.99,36196
1703868360,2023-12-29T11:46:00.000-05:00,17.99,18.0088,17.98,17.995,50638
1703868420,2023-12-29T11:47:00.000-05:00,18.0,18.015,17.99,18.0,39853
1703868480,2023-12-29T11:48:00.000-05:00,18.01,18.015,18.0,18.0102,17153
1703868540,2023-12-29T11:49:00.000-05:00,18.01,18.025,18.01,18.025,11296
1703868600,2023-12-29T11:50:00.000-05:00,18.025,18.03,18.0248,18.025,1343
1703868660,2023-12-29T11:51:00.000-05:00,18.025,18.03,18.02,18.025,3541
1703868720,2023-12-29T11:52:00.000-05:00,18.021,18.025,18.02,18.0215,20276
1703868780,2023-12-29T11:53:00.000-05:00,18.025,18.025,18.0,18.015,38705
1703868840,2023-12-29T11:54:00.000-05:00,18.0101,18.02,18.0101,18.019,2449
1703868900,2023-12-29T11:55:00.000-05:00,18.02,18.02,18.01,18.0101,13157
1703868960,2023-12-29T11:56:00.000-05:00,18.0199,18.02,18.01,18.02,8806
1703869020,2023-12-29T11:57:00.000-05:00,18.0144,18.015,18.01,18.01,15054
1703869080,2023-12-29T11:58:00.000-05:00,18.015,18.015,18.005,18.005,5836
1703869140,2023-12-29T11:59:00.000-05:00,18.005,18.01,17.995,18.0,58983
1703869200,2023-12-29T12:00:00.000-05:00,18.0034,18.01,17.9913,17.995,19830
1703869260,2023-12-29T12:01:00.000-05:00,18.0,18.01,18.0,18.0032,16777
1703869320,2023-12-29T12:02:00.000-05:00,18.01,18.015,18.005,18.005,10262
1703869380,2023-12-29T12:03:00.000-05:00,18.0,18.005,17.99,17.995,26916
1703869440,2023-12-29T12:04:00.000-05:00,17.99,17.995,17.98,17.98,10162
1703869500,2023-12-29T12:05:00.000-05:00,17.98,18.0,17.98,17.995,26068
1703869560,2023-12-29T12:06:00.000-05:00,17.99,18.0099,17.9899,18.005,30187
1703869620,2023-12-29T12:07:00.000-05:00,18.009,18.01,18.0,18.005,11379
1703869680,2023-12-29T12:08:00.000-05:00,18.0025,18.005,18.0014,18.005,1436
1703869740,2023-12-29T12:09:00.000-05:00,18.005,18.01,18.005,18.005,11296
1703869800,2023-12-29T12:10:00.000-05:00,18.01,18.02,18.0099,18.0199,26677
1703869860,2023-12-29T12:11:00.000-05:00,18.015,18.03,18.015,18.0249,16672
1703869920,2023-12-29T12:12:00.000-05:00,18.0258,18.03,18.0201,18.027,10699
1703869980,2023-12-29T12:13:00.000-05:00,18.02,18.035,18.02,18.0305,73248
1703870040,2023-12-29T12:14:00.000-05:00,18.03,18.0342,18.02,18.025,33708
1703870100,2023-12-29T12:15:00.000-05:00,18.025,18.0299,18.02,18.025,13763
1703870160,2023-12-29T12:16:00.000-05:00,18.02,18.025,18.02,18.025,5559
1703870220,2023-12-29T12:17:00.000-05:00,18.025,18.025,18.005,18.015,37593
1703870280,2023-12-29T12:18:00.000-05:00,18.015,18.03,18.015,18.03,17490
1703870340,2023-12-29T12:19:00.000-05:00,18.03,18.035,18.02,18.0205,31573
1703870400,2023-12-29T12:20:00.000-05:00,18.025,18.03,18.0101,18.025,20209
1703870460,2023-12-29T12:21:00.000-05:00,18.03,18.035,18.02,18.02,36630
1703870520,2023-12-29T12:22:00.000-05:00,18.02,18.025,18.01,18.02,22819
1703870580,2023-12-29T12:23:00.000-05:00,18.021,18.023,18.01,18.01,16983
1703870640,2023-12-29T12:24:00.000-05:00,18.005,18.02,18.0,18.015,13754
1703870700,2023-12-29T12:25:00.000-05:00,18.015,18.02,18.01,18.015,6050
1703870760,2023-12-29T12:26:00.000-05:00,18.0101,18.0179,18.01,18.015,16719
1703870820,2023-12-29T12:27:00.000-05:00,18.015,18.035,18.013,18.03,70858
1703870880,2023-12-29T12:28:00.000-05:00,18.032,18.035,18.02,18.033,27701
1703870940,2023-12-29T12:29:00.000-05:00,18.035,18.036,18.03,18.035,9201
1703871000,2023-12-29T12:30:00.000-05:00,18.0304,18.0304,18.02,18.025,35919
1703871060,2023-12-29T12:31:00.000-05:00,18.0299,18.035,18.0299,18.031,19518
1703871120,2023-12-29T12:32:00.000-05:00,18.035,18.035,18.0332,18.035,3712
1703871180,2023-12-29T12:33:00.000-05:00,18.035,18.035,18.03,18.035,16543
1703871240,2023-12-29T12:34:00.000-05:00,18.0356,18.0356,18.03,18.035,5227
1703871300,2023-12-29T12:35:00.000-05:00,18.035,18.035,18.03,18.03,3240
1703871360,2023-12-29T12:36:00.000-05:00,18.035,18.039,18.02,18.0308,79083
1703871420,2023-12-29T12:37:00.000-05:00,18.035,18.035,18.03,18.033,1944
1703871480,2023-12-29T12:38:00.000-05:00,18.04,18.0485,18.035,18.0485,30649
1703871540,2023-12-29T12:39:00.000-05:00,18.045,18.045,18.04,18.04,7052
1703871600,2023-12-29T12:40:00.000-05:00,18.045,18.045,18.035,18.04,18548
1703871660,2023-12-29T12:41:00.000-05:00,18.04,18.047,18.0357,18.045,26065
1703871720,2023-12-29T12:42:00.000-05:00,18.045,18.0462,18.04,18.045,6115
1703871780,2023-12-29T12:43:00.000-05:00,18.045,18.045,18.0408,18.0408,8638
1703871840,2023-12-29T12:44:00.000-05:00,18.05,18.065,18.045,18.065,53468
1703871900,2023-12-29T12:45:00.000-05:00,18.065,18.0662,18.055,18.06,38297
1703871960,2023-12-29T12:46:00.000-05:00,18.065,18.065,18.06,18.065,18093
1703872020,2023-12-29T12:47:00.000-05:00,18.065,18.07,18.06,18.065,9841
1703872080,2023-12-29T12:48:00.000-05:00,18.06,18.06,18.035,18.035,44091
1703872140,2023-12-29T12:49:00.000-05:00,18.0399,18.04,18.03,18.04,51701
1703872200,2023-12-29T12:50:00.000-05:00,18.04,18.045,18.02,18.02,44721
1703872260,2023-12-29T12:51:00.000-05:00,18.015,18.03,18.0127,18.0215,28767
1703872320,2023-12-29T12:52:00.000-05:00,18.025,18.03,18.015,18.0199,41035
1703872380,2023-12-29T12:53:00.000-05:00,18.015,18.025,18.0102,18.0179,38284
1703872440,2023-12-29T12:54:00.000-05:00,18.01,18.015,18.01,18.015,13617
1703872500,2023-12-29T12:55:00.000-05:00,18.015,18.0262,18.0103,18.015,59567
1703872560,2023-12-29T12:56:00.000-05:00,18.015,18.02,18.01,18.015,13850
1703872620,2023-12-29T12:57:00.000-05:00,18.015,18.02,18.015,18.02,10801
1703872680,2023-12-29T12:58:00.000-05:00,18.02,18.03,18.0,18.005,37467
1703872740,2023-12-29T12:59:00.000-05:00,18.009,18.0186,18.0,18.005,41345
1703872800,2023-12-29T13:00:00.000-05:00,18.0,18.001,17.975,17.975,36724
1703872860,2023-12-29T13:01:00.000-05:00,17.98,17.985,17.965,17.965,49126
1703872920,2023-12-29T13:02:00.000-05:00,17.96,17.98,17.96,17.9761,55766
1703872980,2023-12-29T13:03:00.000-05:00,17.975,17.99,17.975,17.9803,39732
1703873040,2023-12-29T13:04:00.000-05:00,17.985,17.999,17.98,17.985,27986
1703873100,2023-12-29T13:05:00.000-05:00,17.985,17.99,17.98,17.985,19631
1703873160,2023-12-29T13:06:00.000-05:00,17.985,18.0,17.98,17.9999,13156
1703873220,2023-12-29T13:07:00.000-05:00,18.0,18.01,17.9999,18.005,11972
1703873280,2023-12-29T13:08:00.000-05:00,18.005,18.02,18.005,18.015,17613
1703873340,2023-12-29T13:09:00.000-05:00,18.015,18.02,18.001,18.005,13437
1703873400,2023-12-29T13:10:00.000-05:00,18.01,18.03,18.004,18.023,43151
1703873460,2023-12-29T13:11:00.000-05:00,18.02,18.0299,18.02,18.025,18062
1703873520,2023-12-29T13:12:00.000-05:00,18.03,18.03,18.0201,18.0299,31062
1703873580,2023-12-29T13:13:00.000-05:00,18.03,18.04,18.03,18.04,18686
1703873640,2023-12-29T13:14:00.000-05:00,18.03,18.04,18.03,18.035,9330
1703873700,2023-12-29T13:15:00.000-05:00,18.035,18.04,18.025,18.03,49756
1703873760,2023-12-29T13:16:00.000-05:00,18.025,18.025,18.001,18.005,20146
1703873820,2023-12-29T13:17:00.000-05:00,18.0085,18.02,18.0,18.005,36831
1703873880,2023-12-29T13:18:00.000-05:00,18.005,18.005,17.99,18.0,20065
1703873940,2023-12-29T13:19:00.000-05:00,17.995,18.015,17.995,18.015,34730
1703874000,2023-12-29T13:20:00.000-05:00,18.01,18.015,18.0,18.005,14484
1703874060,2023-12-29T13:21:00.000-05:00,18.005,18.01,18.0,18.005,2885
1703874120,2023-12-29T13:22:00.000-05:00,18.005,18.005,17.98,17.995,34373
1703874180,2023-12-29T13:23:00.000-05:00,17.995,17.999,17.99,17.999,10999
1703874240,2023-12-29T13:24:00.000-05:00,17.99,18.0052,17.99,17.99,17404
1703874300,2023-12-29T13:25:00.000-05:00,17.99,17.995,17.97,17.975,29120
1703874360,2023-12-29T13:26:00.000-05:00,17.975,17.9968,17.975,17.995,20333
1703874420,2023-12-29T13:27:00.000-05:00,17.995,18.005,17.995,17.995,18857
1703874480,2023-12-29T13:28:00.000-05:00,17.995,18.005,17.99,17.995,34566
1703874540,2023-12-29T13:29:00.000-05:00,17.995,17.995,17.98,17.995,46065
1703874600,2023-12-29T13:30:00.000-05:00,17.995,18.0055,17.99,18.0,21744
1703874660,2023-12-29T13:31:00.000-05:00,18.0,18.0,17.99,17.995,16091
1703874720,2023-12-29T13:32:00.000-05:00,17.99,18.0,17.99,17.995,11910
1703874780,2023-12-29T13:33:00.000-05:00,17.99,17.995,17.975,17.975,41699
1703874840,2023-12-29T13:34:00.000-05:00,17.975,18.0,17.975,17.99,47734
1703874900,2023-12-29T13:35:00.000-05:00,17.995,17.9999,17.9915,17.9915,7809
1703874960,2023-12-29T13:36:00.000-05:00,17.995,17.996,17.99,17.995,12913
1703875020,2023-12-29T13:37:00.000-05:00,17.99,17.9952,17.99,17.9952,15705
1703875080,2023-12-29T13:38:00.000-05:00,18.0,18.01,17.995,18.0088,15241
1703875140,2023-12-29T13:39:00.000-05:00,18.01,18.015,18.0,18.01,53086
1703875200,2023-12-29T13:40:00.000-05:00,18.0099,18.01,18.0,18.005,12487
1703875260,2023-12-29T13:41:00.000-05:00,18.01,18.015,18.01,18.015,25359
1703875320,2023-12-29T13:42:00.000-05:00,18.015,18.04,18.015,18.035,47914
1703875380,2023-12-29T13:43:00.000-05:00,18.035,18.05,18.03,18.0303,39082
1703875440,2023-12-29T13:44:00.000-05:00,18.035,18.04,18.03,18.035,12427
1703875500,2023-12-29T13:45:00.000-05:00,18.035,18.035,18.02,18.025,20323
1703875560,2023-12-29T13:46:00.000-05:00,18.02,18.03,18.02,18.0283,14513
1703875620,2023-12-29T13:47:00.000-05:00,18.025,18.04,18.025,18.035,26464
1703875680,2023-12-29T13:48:00.000-05:00,18.0399,18.04,18.03,18.035,17009
1703875740,2023-12-29T13:49:00.000-05:00,18.04,18.045,18.035,18.045,29242
1703875800,2023-12-29T13:50:00.000-05:00,18.045,18.0465,18.04,18.045,19967
1703875860,2023-12-29T13:51:00.000-05:00,18.04,18.05,18.03,18.035,37401
1703875920,2023-12-29T13:52:00.000-05:00,18.0339,18.05,18.0315,18.045,42867
1703875980,2023-12-29T13:53:00.000-05:00,18.04,18.05,18.02,18.03,87441
1703876040,2023-12-29T13:54:00.000-05:00,18.0221,18.03,18.02,18.025,7060
1703876100,2023-12-29T13:55:00.000-05:00,18.025,18.03,18.025,18.0291,10260
1703876160,2023-12-29T13:56:00.000-05:00,18.03,18.04,18.025,18.0399,14904
1703876220,2023-12-29T13:57:00.000-05:00,18.035,18.035,18.03,18.035,29417
1703876280,2023-12-29T13:58:00.000-05:00,18.035,18.04,18.02,18.04,60314
1703876340,2023-12-29T13:59:00.000-05:00,18.035,18.04,18.0315,18.04,10881
1703876400,2023-12-29T14:00:00.000-05:00,18.04,18.045,18.04,18.04,28022
1703876460,2023-12-29T14:01:00.000-05:00,18.045,18.0488,18.04,18.0477,14409
1703876520,2023-12-29T14:02:00.000-05:00,18.045,18.045,18.03,18.035,31253
1703876580,2023-12-29T14:03:00.000-05:00,18.04,18.045,18.035,18.045,15648
1703876640,2023-12-29T14:04:00.000-05:00,18.045,18.0499,18.04,18.045,15157
1703876700,2023-12-29T14:05:00.000-05:00,18.045,18.05,18.04,18.045,15896
1703876760,2023-12-29T14:06:00.000-05:00,18.04,18.05,18.03,18.05,26467
1703876820,2023-12-29T14:07:00.000-05:00,18.0493,18.05,18.04,18.0403,15683
1703876880,2023-12-29T14:08:00.000-05:00,18.0401,18.045,18.04,18.04,24726
1703876940,2023-12-29T14:09:00.000-05:00,18.0453,18.0499,18.04,18.045,4795
1703877000,2023-12-29T14:10:00.000-05:00,18.045,18.045,18.04,18.045,7253
1703877060,2023-12-29T14:11:00.000-05:00,18.045,18.05,18.04,18.05,7258
1703877120,2023-12-29T14:12:00.000-05:00,18.05,18.05,18.04,18.0403,18290
1703877180,2023-12-29T14:13:00.000-05:00,18.05,18.055,18.045,18.05,17122
1703877240,2023-12-29T14:14:00.000-05:00,18.0521,18.06,18.0521,18.055,3823
1703877300,2023-12-29T14:15:00.000-05:00,18.0582,18.07,18.055,18.07,39059
1703877360,2023-12-29T14:16:00.000-05:00,18.0618,18.07,18.06,18.065,11908
1703877420,2023-12-29T14:17:00.000-05:00,18.065,18.065,18.06,18.065,12758
1703877480,2023-12-29T14:18:00.000-05:00,18.065,18.065,18.054,18.06,39560
1703877540,2023-12-29T14:19:00.000-05:00,18.0585,18.07,18.0566,18.065,30644
1703877600,2023-12-29T14:20:00.000-05:00,18.065,18.07,18.05,18.0548,28344
1703877660,2023-12-29T14:21:00.000-05:00,18.06,18.07,18.055,18.065,70275
1703877720,2023-12-29T14:22:00.000-05:00,18.065,18.0664,18.06,18.065,2921
1703877780,2023-12-29T14:23:00.000-05:00,18.065,18.065,18.055,18.0588,25486
1703877840,2023-12-29T14:24:00.000-05:00,18.055,18.0673,18.0512,18.065,28494
1703877900,2023-12-29T14:25:00.000-05:00,18.065,18.075,18.065,18.0693,44757
1703877960,2023-12-29T14:26:00.000-05:00,18.065,18.0667,18.065,18.065,722
1703878020,2023-12-29T14:27:00.000-05:00,18.06,18.07,18.06,18.07,19932
1703878080,2023-12-29T14:28:00.000-05:00,18.07,18.07,18.055,18.059,41741
1703878140,2023-12-29T14:29:00.000-05:00,18.05,18.06,18.05,18.055,5897
1703878200,2023-12-29T14:30:00.000-05:00,18.0585,18.07,18.052,18.06,32120
1703878260,2023-12-29T14:31:00.000-05:00,18.065,18.069,18.06,18.065,3619
1703878320,2023-12-29T14:32:00.000-05:00,18.0601,18.07,18.06,18.07,19677
1703878380,2023-12-29T14:33:00.000-05:00,18.0699,18.07,18.0601,18.07,14474
1703878440,2023-12-29T14:34:00.000-05:00,18.065,18.07,18.06,18.0601,47731
1703878500,2023-12-29T14:35:00.000-05:00,18.065,18.07,18.06,18.07,9801
1703878560,2023-12-29T14:36:00.000-05:00,18.065,18.08,18.0624,18.065,48377
1703878620,2023-12-29T14:37:00.000-05:00,18.069,18.0782,18.0601,18.075,12837
1703878680,2023-12-29T14:38:00.000-05:00,18.08,18.08,18.07,18.08,13202
1703878740,2023-12-29T14:39:00.000-05:00,18.0701,18.075,18.07,18.075,5040
1703878800,2023-12-29T14:40:00.000-05:00,18.075,18.08,18.07,18.075,8333
1703878860,2023-12-29T14:41:00.000-05:00,18.075,18.08,18.0748,18.0755,11731
1703878920,2023-12-29T14:42:00.000-05:00,18.075,18.09,18.075,18.085,21781
1703878980,2023-12-29T14:43:00.000-05:00,18.08,18.09,18.08,18.08,9827
1703879040,2023-12-29T14:44:00.000-05:00,18.085,18.09,18.075,18.085,44994
1703879100,2023-12-29T14:45:00.000-05:00,18.085,18.09,18.0801,18.09,9894
1703879160,2023-12-29T14:46:00.000-05:00,18.085,18.085,18.085,18.085,2979
1703879220,2023-12-29T14:47:00.000-05:00,18.09,18.09,18.0828,18.085,6935
1703879280,2023-12-29T14:48:00.000-05:00,18.085,18.09,18.08,18.085,19974
1703879340,2023-12-29T14:49:00.000-05:00,18.085,18.0862,18.08,18.0851,4457
1703879400,2023-12-29T14:50:00.000-05:00,18.0844,18.085,18.08,18.08,2501
1703879460,2023-12-29T14:51:00.000-05:00,18.085,18.0852,18.08,18.08,9375
1703879520,2023-12-29T14:52:00.000-05:00,18.085,18.085,18.08,18.085,1093
1703879580,2023-12-29T14:53:00.000-05:00,18.085,18.085,18.0725,18.0725,19176
1703879640,2023-12-29T14:54:00.000-05:00,18.075,18.0799,18.065,18.075,64886
1703879700,2023-12-29T14:55:00.000-05:00,18.075,18.08,18.06,18.065,22411
1703879760,2023-12-29T14:56:00.000-05:00,18.065,18.09,18.065,18.085,68165
1703879820,2023-12-29T14:57:00.000-05:00,18.0801,18.09,18.0801,18.0892,4199
1703879880,2023-12-29T14:58:00.000-05:00,18.09,18.09,18.085,18.085,15796
1703879940,2023-12-29T14:59:00.000-05:00,18.09,18.095,18.085,18.09,29419
1703880000,2023-12-29T15:00:00.000-05:00,18.095,18.1,18.085,18.0899,30323
1703880060,2023-12-29T15:01:00.000-05:00,18.0879,18.0879,18.0739,18.077,41032
1703880120,2023-12-29T15:02:00.000-05:00,18.074,18.08,18.074,18.075,25257
1703880180,2023-12-29T15:03:00.000-05:00,18.07,18.0795,18.07,18.075,20387
1703880240,2023-12-29T15:04:00.000-05:00,18.075,18.075,18.07,18.075,10058
1703880300,2023-12-29T15:05:00.000-05:00,18.075,18.0752,18.0701,18.075,3790
1703880360,2023-12-29T15:06:00.000-05:00,18.075,18.075,18.07,18.075,16743
1703880420,2023-12-29T15:07:00.000-05:00,18.08,18.09,18.075,18.085,14526
1703880480,2023-12-29T15:08:00.000-05:00,18.085,18.095,18.085,18.095,23235
1703880540,2023-12-29T15:09:00.000-05:00,18.095,18.1,18.09,18.1,16321
1703880600,2023-12-29T15:10:00.000-05:00,18.1,18.1,18.095,18.095,4586
1703880660,2023-12-29T15:11:00.000-05:00,18.095,18.0965,18.0803,18.085,40416
1703880720,2023-12-29T15:12:00.000-05:00,18.085,18.085,18.085,18.085,7153
1703880780,2023-12-29T15:13:00.000-05:00,18.09,18.09,18.085,18.085,7506
1703880840,2023-12-29T15:14:00.000-05:00,18.09,18.1,18.09,18.095,22295
1703880900,2023-12-29T15:15:00.000-05:00,18.095,18.095,18.08,18.085,41263
1703880960,2023-12-29T15:16:00.000-05:00,18.085,18.09,18.0802,18.09,18181
1703881020,2023-12-29T15:17:00.000-05:00,18.09,18.0983,18.09,18.095,12082
1703881080,2023-12-29T15:18:00.000-05:00,18.09,18.1,18.09,18.095,24541
1703881140,2023-12-29T15:19:00.000-05:00,18.0944,18.095,18.09,18.095,2994
1703881200,2023-12-29T15:20:00.000-05:00,18.095,18.095,18.085,18.085,27306
1703881260,2023-12-29T15:21:00.000-05:00,18.08,18.085,18.07,18.07,70687
1703881320,2023-12-29T15:22:00.000-05:00,18.075,18.08,18.07,18.075,25992
1703881380,2023-12-29T15:23:00.000-05:00,18.075,18.0799,18.07,18.075,8103
1703881440,2023-12-29T15:24:00.000-05:00,18.072,18.08,18.06,18.065,33908
1703881500,2023-12-29T15:25:00.000-05:00,18.0632,18.067,18.05,18.065,69821
1703881560,2023-12-29T15:26:00.000-05:00,18.07,18.07,18.06,18.07,17782
1703881620,2023-12-29T15:27:00.000-05:00,18.06,18.07,18.06,18.065,950
1703881680,2023-12-29T15:28:00.000-05:00,18.06,18.08,18.06,18.067,74382
1703881740,2023-12-29T15:29:00.000-05:00,18.0699,18.075,18.065,18.075,32661
1703881800,2023-12-29T15:30:00.000-05:00,18.07,18.075,18.06,18.065,35875
1703881860,2023-12-29T15:31:00.000-05:00,18.065,18.065,18.055,18.055,23964
1703881920,2023-12-29T15:32:00.000-05:00,18.055,18.0599,18.0501,18.0599,8848
1703881980,2023-12-29T15:33:00.000-05:00,18.055,18.065,18.055,18.065,23975
1703882040,2023-12-29T15:34:00.000-05:00,18.065,18.07,18.05,18.055,77938
1703882100,2023-12-29T15:35:00.000-05:00,18.055,18.055,18.04,18.0499,60201
1703882160,2023-12-29T15:36:00.000-05:00,18.05,18.05,18.04,18.045,25837
1703882220,2023-12-29T15:37:00.000-05:00,18.045,18.0586,18.04,18.055,52682
1703882280,2023-12-29T15:38:00.000-05:00,18.055,18.0599,18.04,18.044,46095
1703882340,2023-12-29T15:39:00.000-05:00,18.04,18.05,18.04,18.045,62720
1703882400,2023-12-29T15:40:00.000-05:00,18.045,18.05,18.0401,18.0487,20507
1703882460,2023-12-29T15:41:00.000-05:00,18.05,18.05,18.04,18.0405,55877
1703882520,2023-12-29T15:42:00.000-05:00,18.045,18.05,18.035,18.0419,69146
1703882580,2023-12-29T15:43:00.000-05:00,18.045,18.05,18.04,18.045,21958
1703882640,2023-12-29T15:44:00.000-05:00,18.045,18.0487,18.0445,18.045,14031
1703882700,2023-12-29T15:45:00.000-05:00,18.045,18.045,18.03,18.035,44874
1703882760,2023-12-29T15:46:00.000-05:00,18.035,18.04,18.0149,18.015,165977
1703882820,2023-12-29T15:47:00.000-05:00,18.015,18.03,18.015,18.025,90789
1703882880,2023-12-29T15:48:00.000-05:00,18.0221,18.03,18.0109,18.0181,82358
1703882940,2023-12-29T15:49:00.000-05:00,18.02,18.03,18.02,18.025,56966
1703883000,2023-12-29T15:50:00.000-05:00,18.03,18.04,18.02,18.04,82995
1703883060,2023-12-29T15:51:00.000-05:00,18.035,18.06,18.0322,18.055,113751
1703883120,2023-12-29T15:52:00.000-05:00,18.055,18.06,18.045,18.045,85021
1703883180,2023-12-29T15:53:00.000-05:00,18.045,18.06,18.045,18.055,71833
1703883240,2023-12-29T15:54:00.000-05:00,18.055,18.07,18.055,18.06,107006
1703883300,2023-12-29T15:55:00.000-05:00,18.06,18.07,18.05,18.055,64167
1703883360,2023-12-29T15:56:00.000-05:00,18.055,18.06,18.05,18.06,134456
1703883420,2023-12-29T15:57:00.000-05:00,18.055,18.06,18.05,18.06,93594
1703883480,2023-12-29T15:58:00.000-05:00,18.055,18.06,18.05,18.055,203130
1703883540,2023-12-29T15:59:00.000-05:00,18.055,18.09,18.05,18.09,396551
1703883600,2023-12-29T16:00:00.000-05:00,18.08,18.09,18.08,18.09,539373
1703883720,2023-12-29T16:02:00.000-05:00,18.08,18.08,18.08,18.08,100
1703883900,2023-12-29T16:05:00.000-05:00,18.09,18.09,18.09,18.09,15337
1703883960,2023-12-29T16:06:00.000-05:00,18.07,18.08,18.07,18.08,2000
1703884020,2023-12-29T16:07:00.000-05:00,18.0799,18.0799,18.0799,18.0799,112
1703884080,2023-12-29T16:08:00.000-05:00,18.07,18.07,18.07,18.07,115
1703884680,2023-12-29T16:18:00.000-05:00,18.08,18.08,18.08,18.08,200
1703884800,2023-12-29T16:20:00.000-05:00,18.07,18.07,18.07,18.07,100
1703885280,2023-12-29T16:28:00.000-05:00,18.0701,18.0701,18.0701,18.0701,2008
1703885760,2023-12-29T16:36:00.000-05:00,18.07,18.07,18.07,18.07,263
1703885940,2023-12-29T16:39:00.000-05:00,18.08,18.08,18.08,18.08,1491
1703886180,2023-12-29T16:43:00.000-05:00,18.07,18.07,18.07,18.07,100
1703886300,2023-12-29T16:45:00.000-05:00,18.08,18.08,18.08,18.08,100
1703886720,2023-12-29T16:52:00.000-05:00,18.07,18.07,18.07,18.07,201
1703886780,2023-12-29T16:53:00.000-05:00,18.07,18.07,18.07,18.07,153
1703886840,2023-12-29T16:54:00.000-05:00,18.07,18.07,18.06,18.06,2007
1703887200,2023-12-29T17:00:00.000-05:00,18.05,18.06,18.05,18.06,2227
1703887920,2023-12-29T17:12:00.000-05:00,18.0597,18.0597,18.0597,18.0597,100
1703888280,2023-12-29T17:18:00.000-05:00,18.06,18.06,18.06,18.06,300
1703888400,2023-12-29T17:20:00.000-05:00,18.06,18.06,18.06,18.06,2500
1703888520,2023-12-29T17:22:00.000-05:00,18.0502,18.0502,18.0502,18.0502,262
1703888700,2023-12-29T17:25:00.000-05:00,18.06,18.06,18.06,18.06,200
1703888760,2023-12-29T17:26:00.000-05:00,18.06,18.06,18.06,18.06,3580
1703889480,2023-12-29T17:38:00.000-05:00,18.09,18.09,18.09,18.09,600
1703889540,2023-12-29T17:39:00.000-05:00,18.09,18.09,18.09,18.09,395
1703889720,2023-12-29T17:42:00.000-05:00,18.08,18.08,18.08,18.08,635
1703890260,2023-12-29T17:51:00.000-05:00,18.07,18.07,18.07,18.07,100
1703890440,2023-12-29T17:54:00.000-05:00,18.09,18.09,18.09,18.09,800
1703890860,2023-12-29T18:01:00.000-05:00,18.07,18.07,18.07,18.07,2900
1703891400,2023-12-29T18:10:00.000-05:00,18.08,18.08,18.08,18.08,1100
1703891460,2023-12-29T18:11:00.000-05:00,18.09,18.09,18.09,18.09,473
1703891580,2023-12-29T18:13:00.000-05:00,18.09,18.09,18.09,18.09,500
1703891640,2023-12-29T18:14:00.000-05:00,18.09,18.0903,18.09,18.0903,1100
1703892540,2023-12-29T18:29:00.000-05:00,18.09,18.09,18.09,18.09,151
1703893320,2023-12-29T18:42:00.000-05:00,18.1,18.1,18.1,18.1,200
1703893740,2023-12-29T18:49:00.000-05:00,18.09,18.09,18.09,18.09,901
1703894160,2023-12-29T18:56:00.000-05:00,18.09,18.09,18.09,18.09,6900
1703894640,2023-12-29T19:04:00.000-05:00,18.09,18.09,18.09,18.09,121
1703894760,2023-12-29T19:06:00.000-05:00,18.1,18.1,18.1,18.1,200
1703894880,2023-12-29T19:08:00.000-05:00,18.09,18.09,18.09,18.09,1297
1703895540,2023-12-29T19:19:00.000-05:00,18.09,18.09,18.09,18.09,376
1703896140,2023-12-29T19:29:00.000-05:00,18.09,18.09,18.09,18.09,494
1703896260,2023-12-29T19:31:00.000-05:00,18.06,18.06,18.06,18.06,111
1704177900,2024-01-02T01:45:00.000-05:00,18.49,18.49,18.49,18.49,200
1704181380,2024-01-02T02:43:00.000-05:00,18.15,18.15,18.15,18.15,195
1704186000,2024-01-02T04:00:00.000-05:00,18.11,18.11,18.11,18.11,350
1704186480,2024-01-02T04:08:00.000-05:00,18.23,18.23,18.23,18.23,600
1704187260,2024-01-02T04:21:00.000-05:00,18.21,18.21,18.21,18.21,131
1704187380,2024-01-02T04:23:00.000-05:00,18.21,18.21,18.21,18.21,638
1704187440,2024-01-02T04:24:00.000-05:00,18.21,18.21,18.21,18.21,487
1704187620,2024-01-02T04:27:00.000-05:00,18.21,18.22,18.21,18.22,1038
1704188340,2024-01-02T04:39:00.000-05:00,18.26,18.26,18.26,18.26,1000
1704188580,2024-01-02T04:43:00.000-05:00,18.26,18.26,18.26,18.26,201
1704189240,2024-01-02T04:54:00.000-05:00,18.26,18.26,18.25,18.26,2649
1704190140,2024-01-02T05:09:00.000-05:00,18.27,18.27,18.27,18.27,301
1704190260,2024-01-02T05:11:00.000-05:00,18.24,18.24,18.24,18.24,140
1704191460,2024-01-02T05:31:00.000-05:00,18.22,18.22,18.21,18.21,1100
1704191520,2024-01-02T05:32:00.000-05:00,18.21,18.21,18.21,18.21,900
1704191580,2024-01-02T05:33:00.000-05:00,18.22,18.22,18.22,18.22,400
1704191640,2024-01-02T05:34:00.000-05:00,18.22,18.22,18.22,18.22,1000
1704191700,2024-01-02T05:35:00.000-05:00,18.22,18.22,18.22,18.22,200
1704191820,2024-01-02T05:37:00.000-05:00,18.21,18.21,18.19,18.19,2225
1704191880,2024-01-02T05:38:00.000-05:00,18.2,18.21,18.18,18.19,2187
1704191940,2024-01-02T05:39:00.000-05:00,18.19,18.19,18.18,18.18,2950
1704192000,2024-01-02T05:40:00.000-05:00,18.19,18.19,18.18,18.18,2176
1704192060,2024-01-02T05:41:00.000-05:00,18.18,18.18,18.18,18.18,2400
1704192120,2024-01-02T05:42:00.000-05:00,18.18,18.19,18.18,18.18,2210
1704192180,2024-01-02T05:43:00.000-05:00,18.18,18.18,18.17,18.17,1410
1704192240,2024-01-02T05:44:00.000-05:00,18.17,18.17,18.17,18.17,828
1704192480,2024-01-02T05:48:00.000-05:00,18.17,18.17,18.17,18.17,2650
1704192540,2024-01-02T05:49:00.000-05:00,18.17,18.17,18.17,18.17,1158
1704192660,2024-01-02T05:51:00.000-05:00,18.17,18.17,18.17,18.17,800
1704192720,2024-01-02T05:52:00.000-05:00,18.17,18.17,18.17,18.17,1624
1704192780,2024-01-02T05:53:00.000-05:00,18.17,18.17,18.17,18.17,1100
1704192840,2024-01-02T05:54:00.000-05:00,18.17,18.17,18.17,18.17,600
1704193020,2024-01-02T05:57:00.000-05:00,18.16,18.16,18.16,18.16,1100
1704193080,2024-01-02T05:58:00.000-05:00,18.16,18.16,18.15,18.15,2164
1704193620,2024-01-02T06:07:00.000-05:00,18.16,18.16,18.16,18.16,1014
1704194640,2024-01-02T06:24:00.000-05:00,18.14,18.15,18.14,18.15,601
1704195000,2024-01-02T06:30:00.000-05:00,18.15,18.15,18.15,18.15,457
1704195240,2024-01-02T06:34:00.000-05:00,18.11,18.11,18.11,18.11,1848
1704195480,2024-01-02T06:38:00.000-05:00,18.1,18.11,18.1,18.11,200
1704196260,2024-01-02T06:51:00.000-05:00,18.15,18.15,18.15,18.15,100
1704196800,2024-01-02T07:00:00.000-05:00,18.11,18.16,18.11,18.16,6908
1704196980,2024-01-02T07:03:00.000-05:00,18.11,18.11,18.1,18.1,410
1704197160,2024-01-02T07:06:00.000-05:00,18.11,18.11,18.1,18.1,3901
1704197220,2024-01-02T07:07:00.000-05:00,18.13,18.13,18.13,18.13,3000
1704197280,2024-01-02T07:08:00.000-05:00,18.1,18.1,18.1,18.1,2055
1704197820,2024-01-02T07:17:00.000-05:00,18.09,18.09,18.09,18.09,2200
1704197880,2024-01-02T07:18:00.000-05:00,18.1,18.1,18.1,18.1,200
1704198240,2024-01-02T07:24:00.000-05:00,18.12,18.14,18.12,18.14,4040
1704198300,2024-01-02T07:25:00.000-05:00,18.14,18.14,18.14,18.14,4002
1704198360,2024-01-02T07:26:00.000-05:00,18.1386,18.1386,18.1386,18.1386,2040
1704198480,2024-01-02T07:28:00.000-05:00,18.14,18.14,18.13,18.13,3826
1704198840,2024-01-02T07:34:00.000-05:00,18.14,18.14,18.14,18.14,2000
1704198900,2024-01-02T07:35:00.000-05:00,18.14,18.14,18.14,18.14,4100
1704199260,2024-01-02T07:41:00.000-05:00,18.15,18.15,18.15,18.15,6051
1704199380,2024-01-02T07:43:00.000-05:00,18.15,18.15,18.15,18.15,500
1704199440,2024-01-02T07:44:00.000-05:00,18.12,18.14,18.12,18.14,1059
1704199500,2024-01-02T07:45:00.000-05:00,18.15,18.15,18.1493,18.1493,1368
1704199620,2024-01-02T07:47:00.000-05:00,18.14,18.14,18.14,18.14,140
1704199680,2024-01-02T07:48:00.000-05:00,18.13,18.13,18.13,18.13,1777
1704199740,2024-01-02T07:49:00.000-05:00,18.13,18.13,18.13,18.13,210
1704199980,2024-01-02T07:53:00.000-05:00,18.12,18.12,18.12,18.12,1255
1704200220,2024-01-02T07:57:00.000-05:00,18.12,18.12,18.12,18.12,300
1704200400,2024-01-02T08:00:00.000-05:00,18.12,18.12,18.12,18.12,169
1704200700,2024-01-02T08:05:00.000-05:00,18.13,18.13,18.13,18.13,463
1704200760,2024-01-02T08:06:00.000-05:00,18.13,18.14,18.13,18.14,476
1704200820,2024-01-02T08:07:00.000-05:00,18.13,18.14,18.13,18.14,300
1704200880,2024-01-02T08:08:00.000-05:00,18.12,18.13,18.12,18.13,5518
1704201180,2024-01-02T08:13:00.000-05:00,18.1,18.1,18.1,18.1,3482
1704201240,2024-01-02T08:14:00.000-05:00,18.1,18.1,18.09,18.1,1928
1704201300,2024-01-02T08:15:00.000-05:00,18.09,18.1,18.09,18.1,4854
1704201360,2024-01-02T08:16:00.000-05:00,18.09,18.09,18.09,18.09,3320
1704201480,2024-01-02T08:18:00.000-05:00,18.08,18.08,18.08,18.08,701
1704201600,2024-01-02T08:20:00.000-05:00,18.1,18.1,18.1,18.1,600
1704201660,2024-01-02T08:21:00.000-05:00,18.1,18.1,18.1,18.1,209
1704201720,2024-01-02T08:22:00.000-05:00,18.1,18.1,18.1,18.1,1350
1704201780,2024-01-02T08:23:00.000-05:00,18.1,18.1,18.1,18.1,1022
1704201840,2024-01-02T08:24:00.000-05:00,18.13,18.13,18.13,18.13,1002
1704201960,2024-01-02T08:26:00.000-05:00,18.13,18.13,18.13,18.13,2000
1704202080,2024-01-02T08:28:00.000-05:00,18.1,18.1,18.1,18.1,400
1704202260,2024-01-02T08:31:00.000-05:00,18.14,18.14,18.14,18.14,354
1704202320,2024-01-02T08:32:00.000-05:00,18.14,18.14,18.14,18.14,455
1704202380,2024-01-02T08:33:00.000-05:00,18.15,18.15,18.15,18.15,837
1704202440,2024-01-02T08:34:00.000-05:00,18.16,18.16,18.16,18.16,1137
1704202500,2024-01-02T08:35:00.000-05:00,18.16,18.16,18.16,18.16,964
1704202560,2024-01-02T08:36:00.000-05:00,18.15,18.15,18.15,18.15,500
1704202680,2024-01-02T08:38:00.000-05:00,18.15,18.15,18.1499,18.1499,2300
1704203340,2024-01-02T08:49:00.000-05:00,18.14,18.14,18.14,18.14,1300
1704203400,2024-01-02T08:50:00.000-05:00,18.14,18.14,18.12,18.12,9342
1704203520,2024-01-02T08:52:00.000-05:00,18.1,18.1,18.1,18.1,310
1704203820,2024-01-02T08:57:00.000-05:00,18.13,18.13,18.13,18.13,2584
1704204060,2024-01-02T09:01:00.000-05:00,18.1,18.11,18.1,18.1,2487
1704204180,2024-01-02T09:03:00.000-05:00,18.1,18.1,18.1,18.1,779
1704204480,2024-01-02T09:08:00.000-05:00,18.11,18.14,18.11,18.14,4104
1704204660,2024-01-02T09:11:00.000-05:00,18.11,18.11,18.11,18.11,156
1704204900,2024-01-02T09:15:00.000-05:00,18.14,18.14,18.14,18.14,100
1704205680,2024-01-02T09:28:00.000-05:00,18.09,18.09,18.09,18.09,111
1704205740,2024-01-02T09:29:00.000-05:00,18.08,18.08,18.06,18.06,7653
1704205800,2024-01-02T09:30:00.000-05:00,18.02,18.11,18.0,18.085,283887
1704205860,2024-01-02T09:31:00.000-05:00,18.08,18.115,18.07,18.115,45777
1704205920,2024-01-02T09:32:00.000-05:00,18.11,18.15,18.1,18.15,38748
1704205980,2024-01-02T09:33:00.000-05:00,18.15,18.15,18.11,18.13,48501
1704206040,2024-01-02T09:34:00.000-05:00,18.13,18.135,18.11,18.13,61550
1704206100,2024-01-02T09:35:00.000-05:00,18.12,18.14,18.115,18.13,71141
1704206160,2024-01-02T09:36:00.000-05:00,18.14,18.21,18.14,18.2085,33728
1704206220,2024-01-02T09:37:00.000-05:00,18.205,18.215,18.2,18.21,25161
1704206280,2024-01-02T09:38:00.000-05:00,18.2,18.205,18.16,18.17,46489
1704206340,2024-01-02T09:39:00.000-05:00,18.17,18.17,18.09,18.095,43066
1704206400,2024-01-02T09:40:00.000-05:00,18.1,18.1,18.06,18.0854,32447
1704206460,2024-01-02T09:41:00.000-05:00,18.08,18.1054,18.07,18.0801,44250
1704206520,2024-01-02T09:42:00.000-05:00,18.085,18.09,18.025,18.08,78901
1704206580,2024-01-02T09:43:00.000-05:00,18.08,18.09,18.07,18.075,19444
1704206640,2024-01-02T09:44:00.000-05:00,18.08,18.11,18.08,18.0897,35083
1704206700,2024-01-02T09:45:00.000-05:00,18.085,18.16,18.085,18.14,129574
1704206760,2024-01-02T09:46:00.000-05:00,18.14,18.175,18.135,18.1397,34898
1704206820,2024-01-02T09:47:00.000-05:00,18.12,18.1294,18.105,18.1099,34132
1704206880,2024-01-02T09:48:00.000-05:00,18.1011,18.11,18.095,18.105,6864
1704206940,2024-01-02T09:49:00.000-05:00,18.1,18.135,18.1,18.13,16523
1704207000,2024-01-02T09:50:00.000-05:00,18.135,18.175,18.1348,18.175,34745
1704207060,2024-01-02T09:51:00.000-05:00,18.175,18.18,18.17,18.18,13513
1704207120,2024-01-02T09:52:00.000-05:00,18.18,18.23,18.18,18.19,75794
1704207180,2024-01-02T09:53:00.000-05:00,18.2,18.2,18.18,18.185,38866
1704207240,2024-01-02T09:54:00.000-05:00,18.18,18.19,18.15,18.16,33783
1704207300,2024-01-02T09:55:00.000-05:00,18.155,18.17,18.135,18.17,67067
1704207360,2024-01-02T09:56:00.000-05:00,18.17,18.18,18.16,18.18,7180
1704207420,2024-01-02T09:57:00.000-05:00,18.175,18.21,18.17,18.2097,49118
1704207480,2024-01-02T09:58:00.000-05:00,18.205,18.21,18.2,18.21,22303
1704207540,2024-01-02T09:59:00.000-05:00,18.2008,18.21,18.2,18.2001,41079
1704207600,2024-01-02T10:00:00.000-05:00,18.21,18.2152,18.2001,18.21,34696
1704207660,2024-01-02T10:01:00.000-05:00,18.2001,18.21,18.19,18.1998,29460
1704207720,2024-01-02T10:02:00.000-05:00,18.2,18.22,18.2,18.2103,39712
1704207780,2024-01-02T10:03:00.000-05:00,18.22,18.22,18.17,18.175,22458
1704207840,2024-01-02T10:04:00.000-05:00,18.17,18.18,18.14,18.15,42202
1704207900,2024-01-02T10:05:00.000-05:00,18.155,18.17,18.15,18.16,14069
1704207960,2024-01-02T10:06:00.000-05:00,18.165,18.175,18.15,18.15,27640
1704208020,2024-01-02T10:07:00.000-05:00,18.155,18.165,18.14,18.14,19330
1704208080,2024-01-02T10:08:00.000-05:00,18.13,18.14,18.12,18.1304,30871
1704208140,2024-01-02T10:09:00.000-05:00,18.135,18.135,18.11,18.125,80518
1704208200,2024-01-02T10:10:00.000-05:00,18.13,18.14,18.12,18.122,17028
1704208260,2024-01-02T10:11:00.000-05:00,18.12,18.13,18.1,18.1,16520
1704208320,2024-01-02T10:12:00.000-05:00,18.11,18.12,18.1,18.11,16465
1704208380,2024-01-02T10:13:00.000-05:00,18.1048,18.11,18.1,18.1,21797
1704208440,2024-01-02T10:14:00.000-05:00,18.1,18.11,18.09,18.1,123411
1704208500,2024-01-02T10:15:00.000-05:00,18.105,18.1054,18.09,18.09,18945
1704208560,2024-01-02T10:16:00.000-05:00,18.09,18.09,18.06,18.075,52698
1704208620,2024-01-02T10:17:00.000-05:00,18.07,18.0799,18.05,18.065,61207
1704208680,2024-01-02T10:18:00.000-05:00,18.07,18.0796,18.065,18.0765,29652
1704208740,2024-01-02T10:19:00.000-05:00,18.075,18.085,18.065,18.07,23764
1704208800,2024-01-02T10:20:00.000-05:00,18.07,18.07,18.055,18.06,43463
1704208860,2024-01-02T10:21:00.000-05:00,18.06,18.0674,18.05,18.05,21104
1704208920,2024-01-02T10:22:00.000-05:00,18.055,18.065,18.0505,18.065,26047
1704208980,2024-01-02T10:23:00.000-05:00,18.065,18.07,18.05,18.05,32555
1704209040,2024-01-02T10:24:00.000-05:00,18.0502,18.055,18.04,18.0488,66099
1704209100,2024-01-02T10:25:00.000-05:00,18.05,18.055,18.04,18.045,23669
1704209160,2024-01-02T10:26:00.000-05:00,18.04,18.0485,18.02,18.02,37132
1704209220,2024-01-02T10:27:00.000-05:00,18.0299,18.03,18.015,18.015,17988
1704209280,2024-01-02T10:28:00.000-05:00,18.015,18.02,18.0105,18.0191,39041
1704209340,2024-01-02T10:29:00.000-05:00,18.0136,18.025,18.01,18.02,77051
1704209400,2024-01-02T10:30:00.000-05:00,18.01,18.02,17.98,17.98,85712
1704209460,2024-01-02T10:31:00.000-05:00,17.985,17.985,17.97,17.975,28886
1704209520,2024-01-02T10:32:00.000-05:00,17.975,17.98,17.965,17.965,55101
1704209580,2024-01-02T10:33:00.000-05:00,17.97,17.9788,17.96,17.9681,30799
1704209640,2024-01-02T10:34:00.000-05:00,17.96,17.96,17.95,17.95,46866
1704209700,2024-01-02T10:35:00.000-05:00,17.95,17.95,17.93,17.94,74121
1704209760,2024-01-02T10:36:00.000-05:00,17.935,17.9394,17.915,17.915,45961
1704209820,2024-01-02T10:37:00.000-05:00,17.911,17.9112,17.86,17.8899,140989
1704209880,2024-01-02T10:38:00.000-05:00,17.88,17.88,17.855,17.875,61498
1704209940,2024-01-02T10:39:00.000-05:00,17.88,17.89,17.86,17.875,51237
1704210000,2024-01-02T10:40:00.000-05:00,17.8776,17.905,17.875,17.905,64184
1704210060,2024-01-02T10:41:00.000-05:00,17.9,17.905,17.885,17.89,56870
1704210120,2024-01-02T10:42:00.000-05:00,17.89,17.9052,17.89,17.9,54426
1704210180,2024-01-02T10:43:00.000-05:00,17.9,17.905,17.88,17.8965,72784
1704210240,2024-01-02T10:44:00.000-05:00,17.895,17.9,17.87,17.87,16788
1704210300,2024-01-02T10:45:00.000-05:00,17.88,17.885,17.87,17.8703,36947
1704210360,2024-01-02T10:46:00.000-05:00,17.87,17.87,17.84,17.8568,77902
1704210420,2024-01-02T10:47:00.000-05:00,17.855,17.86,17.845,17.845,27887
1704210480,2024-01-02T10:48:00.000-05:00,17.84,17.84,17.825,17.83,23654
1704210540,2024-01-02T10:49:00.000-05:00,17.83,17.8454,17.83,17.835,35541
1704210600,2024-01-02T10:50:00.000-05:00,17.83,17.85,17.83,17.845,16340
1704210660,2024-01-02T10:51:00.000-05:00,17.85,17.86,17.84,17.855,49222
1704210720,2024-01-02T10:52:00.000-05:00,17.85,17.86,17.845,17.855,37367
1704210780,2024-01-02T10:53:00.000-05:00,17.855,17.87,17.845,17.845,32088
1704210840,2024-01-02T10:54:00.000-05:00,17.84,17.85,17.84,17.85,13273
1704210900,2024-01-02T10:55:00.000-05:00,17.845,17.86,17.845,17.855,11631
1704210960,2024-01-02T10:56:00.000-05:00,17.86,17.865,17.845,17.85,44654
1704211020,2024-01-02T10:57:00.000-05:00,17.86,17.86,17.845,17.845,31686
1704211080,2024-01-02T10:58:00.000-05:00,17.845,17.86,17.845,17.8506,18956
1704211140,2024-01-02T10:59:00.000-05:00,17.86,17.86,17.84,17.845,21690
1704211200,2024-01-02T11:00:00.000-05:00,17.85,17.865,17.845,17.8616,47046
1704211260,2024-01-02T11:01:00.000-05:00,17.865,17.89,17.865,17.87,34426
1704211320,2024-01-02T11:02:00.000-05:00,17.875,17.9,17.8732,17.89,41809
1704211380,2024-01-02T11:03:00.000-05:00,17.885,17.885,17.87,17.8748,31320
1704211440,2024-01-02T11:04:00.000-05:00,17.875,17.88,17.87,17.8715,21235
1704211500,2024-01-02T11:05:00.000-05:00,17.87,17.89,17.87,17.885,73136
1704211560,2024-01-02T11:06:00.000-05:00,17.88,17.885,17.87,17.875,23735
1704211620,2024-01-02T11:07:00.000-05:00,17.875,17.89,17.875,17.885,29793
1704211680,2024-01-02T11:08:00.000-05:00,17.885,17.905,17.88,17.905,28577
1704211740,2024-01-02T11:09:00.000-05:00,17.9075,17.925,17.9048,17.9198,36402
1704211800,2024-01-02T11:10:00.000-05:00,17.92,17.945,17.92,17.941,39526
1704211860,2024-01-02T11:11:00.000-05:00,17.95,17.95,17.92,17.9285,51004
1704211920,2024-01-02T11:12:00.000-05:00,17.925,17.925,17.905,17.91,88657
1704211980,2024-01-02T11:13:00.000-05:00,17.905,17.915,17.9,17.9135,14020
1704212040,2024-01-02T11:14:00.000-05:00,17.92,17.92,17.91,17.92,18891
1704212100,2024-01-02T11:15:00.000-05:00,17.91,17.92,17.9,17.92,27420
1704212160,2024-01-02T11:16:00.000-05:00,17.915,17.9199,17.905,17.905,58715
1704212220,2024-01-02T11:17:00.000-05:00,17.9,17.905,17.89,17.895,31944
1704212280,2024-01-02T11:18:00.000-05:00,17.895,17.9,17.8848,17.885,21141
1704212340,2024-01-02T11:19:00.000-05:00,17.89,17.89,17.87,17.87,17848
1704212400,2024-01-02T11:20:00.000-05:00,17.8754,17.895,17.87,17.895,42974
1704212460,2024-01-02T11:21:00.000-05:00,17.895,17.905,17.89,17.905,59892
1704212520,2024-01-02T11:22:00.000-05:00,17.905,17.92,17.9,17.91,30282
1704212580,2024-01-02T11:23:00.000-05:00,17.915,17.915,17.9,17.91,32096
1704212640,2024-01-02T11:24:00.000-05:00,17.915,17.915,17.91,17.915,17666
1704212700,2024-01-02T11:25:00.000-05:00,17.915,17.92,17.91,17.915,20756
1704212760,2024-01-02T11:26:00.000-05:00,17.915,17.9198,17.905,17.91,25029
1704212820,2024-01-02T11:27:00.000-05:00,17.915,17.915,17.9,17.9,13803
1704212880,2024-01-02T11:28:00.000-05:00,17.9,17.91,17.89,17.9085,46857
1704212940,2024-01-02T11:29:00.000-05:00,17.91,17.92,17.9099,17.915,22519
1704213000,2024-01-02T11:30:00.000-05:00,17.91,17.9101,17.88,17.885,38532
1704213060,2024-01-02T11:31:00.000-05:00,17.8897,17.9,17.88,17.8999,26583
1704213120,2024-01-02T11:32:00.000-05:00,17.895,17.9,17.89,17.895,7261
1704213180,2024-01-02T11:33:00.000-05:00,17.89,17.89,17.875,17.885,15959
1704213240,2024-01-02T11:34:00.000-05:00,17.88,17.89,17.88,17.88,5739
1704213300,2024-01-02T11:35:00.000-05:00,17.88,17.885,17.88,17.885,8481
1704213360,2024-01-02T11:36:00.000-05:00,17.88,17.885,17.875,17.875,9185
1704213420,2024-01-02T11:37:00.000-05:00,17.87,17.88,17.87,17.87,12138
1704213480,2024-01-02T11:38:00.000-05:00,17.865,17.875,17.865,17.87,14620
1704213540,2024-01-02T11:39:00.000-05:00,17.86,17.88,17.86,17.875,18232
1704213600,2024-01-02T11:40:00.000-05:00,17.875,17.89,17.87,17.885,20738
1704213660,2024-01-02T11:41:00.000-05:00,17.88,17.89,17.875,17.875,28196
1704213720,2024-01-02T11:42:00.000-05:00,17.875,17.875,17.87,17.875,9291
1704213780,2024-01-02T11:43:00.000-05:00,17.875,17.88,17.87,17.88,19456
1704213840,2024-01-02T11:44:00.000-05:00,17.88,17.89,17.865,17.89,41496
1704213900,2024-01-02T11:45:00.000-05:00,17.885,17.9,17.885,17.8996,47734
1704213960,2024-01-02T11:46:00.000-05:00,17.895,17.9186,17.895,17.915,13876
1704214020,2024-01-02T11:47:00.000-05:00,17.915,17.9199,17.905,17.915,32863
1704214080,2024-01-02T11:48:00.000-05:00,17.915,17.9185,17.905,17.905,22572
1704214140,2024-01-02T11:49:00.000-05:00,17.905,17.91,17.89,17.8971,14635
1704214200,2024-01-02T11:50:00.000-05:00,17.9,17.91,17.89,17.905,23014
1704214260,2024-01-02T11:51:00.000-05:00,17.905,17.917,17.905,17.917,18496
1704214320,2024-01-02T11:52:00.000-05:00,17.915,17.915,17.915,17.915,616
1704214380,2024-01-02T11:53:00.000-05:00,17.915,17.925,17.91,17.91,12852
1704214440,2024-01-02T11:54:00.000-05:00,17.9108,17.92,17.91,17.915,37623
1704214500,2024-01-02T11:55:00.000-05:00,17.915,17.92,17.9101,17.9199,20918
1704214560,2024-01-02T11:56:00.000-05:00,17.9166,17.93,17.91,17.92,18957
1704214620,2024-01-02T11:57:00.000-05:00,17.925,17.94,17.925,17.93,16027
1704214680,2024-01-02T11:58:00.000-05:00,17.935,17.935,17.92,17.925,11588
1704214740,2024-01-02T11:59:00.000-05:00,17.925,17.94,17.925,17.93,5624
1704214800,2024-01-02T12:00:00.000-05:00,17.935,17.945,17.935,17.945,11200
1704214860,2024-01-02T12:01:00.000-05:00,17.945,17.945,17.94,17.945,1367
1704214920,2024-01-02T12:02:00.000-05:00,17.95,17.955,17.945,17.95,7984
1704214980,2024-01-02T12:03:00.000-05:00,17.955,17.9699,17.955,17.96,11061
1704215040,2024-01-02T12:04:00.000-05:00,17.9601,17.965,17.96,17.9645,4631
1704215100,2024-01-02T12:05:00.000-05:00,17.96,17.97,17.95,17.965,25151
1704215160,2024-01-02T12:06:00.000-05:00,17.965,17.97,17.96,17.96,12012
1704215220,2024-01-02T12:07:00.000-05:00,17.97,17.985,17.97,17.985,16662
1704215280,2024-01-02T12:08:00.000-05:00,17.985,17.99,17.98,17.985,4970
1704215340,2024-01-02T12:09:00.000-05:00,17.98,17.9883,17.97,17.975,30697
1704215400,2024-01-02T12:10:00.000-05:00,17.98,17.995,17.98,17.99,19666
1704215460,2024-01-02T12:11:00.000-05:00,17.99,17.99,17.97,17.9799,37249
1704215520,2024-01-02T12:12:00.000-05:00,17.981,17.9899,17.97,17.9707,47643
1704215580,2024-01-02T12:13:00.000-05:00,17.97,17.98,17.97,17.9799,22507
1704215640,2024-01-02T12:14:00.000-05:00,17.97,17.975,17.96,17.965,12080
1704215700,2024-01-02T12:15:00.000-05:00,17.965,17.97,17.96,17.97,26204
1704215760,2024-01-02T12:16:00.000-05:00,17.97,17.97,17.95,17.9612,35881
1704215820,2024-01-02T12:17:00.000-05:00,17.96,17.96,17.94,17.9406,20312
1704215880,2024-01-02T12:18:00.000-05:00,17.945,17.95,17.94,17.945,23517
1704215940,2024-01-02T12:19:00.000-05:00,17.94,17.955,17.94,17.94,20156
1704216000,2024-01-02T12:20:00.000-05:00,17.945,17.96,17.94,17.95,80384
1704216060,2024-01-02T12:21:00.000-05:00,17.96,17.975,17.955,17.97,27608
1704216120,2024-01-02T12:22:00.000-05:00,17.9679,17.9679,17.96,17.96,1305
1704216180,2024-01-02T12:23:00.000-05:00,17.97,17.975,17.96,17.96,25414
1704216240,2024-01-02T12:24:00.000-05:00,17.9601,17.97,17.96,17.965,30030
1704216300,2024-01-02T12:25:00.000-05:00,17.96,17.975,17.96,17.9715,29947
1704216360,2024-01-02T12:26:00.000-05:00,17.97,17.98,17.97,17.975,14693
1704216420,2024-01-02T12:27:00.000-05:00,17.98,17.985,17.97,17.985,32430
1704216480,2024-01-02T12:28:00.000-05:00,17.98,17.98,17.96,17.965,40233
1704216540,2024-01-02T12:29:00.000-05:00,17.97,17.98,17.96,17.965,44464
1704216600,2024-01-02T12:30:00.000-05:00,17.96,17.98,17.96,17.98,8922
1704216660,2024-01-02T12:31:00.000-05:00,17.975,17.985,17.97,17.985,24170
1704216720,2024-01-02T12:32:00.000-05:00,17.985,17.985,17.97,17.975,46715
1704216780,2024-01-02T12:33:00.000-05:00,17.975,17.985,17.975,17.9815,24202
1704216840,2024-01-02T12:34:00.000-05:00,17.9899,17.9899,17.9801,17.985,8329
1704216900,2024-01-02T12:35:00.000-05:00,17.985,17.99,17.98,17.985,15314
1704216960,2024-01-02T12:36:00.000-05:00,17.985,18.0,17.985,17.99,21778
1704217020,2024-01-02T12:37:00.000-05:00,17.9899,17.995,17.98,17.99,61348
1704217080,2024-01-02T12:38:00.000-05:00,17.985,17.99,17.9828,17.985,2417
1704217140,2024-01-02T12:39:00.000-05:00,17.985,17.99,17.98,17.99,20979
1704217200,2024-01-02T12:40:00.000-05:00,17.99,17.995,17.98,17.985,37724
1704217260,2024-01-02T12:41:00.000-05:00,17.98,17.9801,17.975,17.975,6857
1704217320,2024-01-02T12:42:00.000-05:00,17.97,17.98,17.96,17.965,99868
1704217380,2024-01-02T12:43:00.000-05:00,17.965,17.9652,17.96,17.965,17251
1704217440,2024-01-02T12:44:00.000-05:00,17.96,17.97,17.96,17.965,14773
1704217500,2024-01-02T12:45:00.000-05:00,17.965,17.965,17.96,17.96,8377
1704217560,2024-01-02T12:46:00.000-05:00,17.96,17.965,17.96,17.96,6239
1704217620,2024-01-02T12:47:00.000-05:00,17.965,17.965,17.95,17.955,9313
1704217680,2024-01-02T12:48:00.000-05:00,17.96,17.965,17.95,17.955,42183
1704217740,2024-01-02T12:49:00.000-05:00,17.96,17.96,17.935,17.945,60064
1704217800,2024-01-02T12:50:00.000-05:00,17.945,17.95,17.93,17.93,54340
1704217860,2024-01-02T12:51:00.000-05:00,17.9301,17.935,17.92,17.935,29484
1704217920,2024-01-02T12:52:00.000-05:00,17.93,17.9342,17.92,17.925,25350
1704217980,2024-01-02T12:53:00.000-05:00,17.925,17.925,17.925,17.925,2967
1704218040,2024-01-02T12:54:00.000-05:00,17.925,17.9266,17.9201,17.9201,2841
1704218100,2024-01-02T12:55:00.000-05:00,17.925,17.9299,17.905,17.91,48725
1704218160,2024-01-02T12:56:00.000-05:00,17.91,17.93,17.91,17.921,60365
1704218220,2024-01-02T12:57:00.000-05:00,17.9285,17.93,17.92,17.92,26894
1704218280,2024-01-02T12:58:00.000-05:00,17.92,17.93,17.92,17.925,4937
1704218340,2024-01-02T12:59:00.000-05:00,17.925,17.93,17.92,17.9297,25100
1704218400,2024-01-02T13:00:00.000-05:00,17.93,17.93,17.92,17.9298,18847
1704218460,2024-01-02T13:01:00.000-05:00,17.925,17.93,17.92,17.925,14028
1704218520,2024-01-02T13:02:00.000-05:00,17.925,17.93,17.92,17.925,21804
1704218580,2024-01-02T13:03:00.000-05:00,17.925,17.935,17.92,17.925,39084
1704218640,2024-01-02T13:04:00.000-05:00,17.93,17.94,17.9299,17.9315,39654
1704218700,2024-01-02T13:05:00.000-05:00,17.93,17.935,17.925,17.925,19992
1704218760,2024-01-02T13:06:00.000-05:00,17.925,17.935,17.92,17.925,40489
1704218820,2024-01-02T13:07:00.000-05:00,17.92,17.935,17.92,17.93,32470
1704218880,2024-01-02T13:08:00.000-05:00,17.927,17.93,17.92,17.92,14240
1704218940,2024-01-02T13:09:00.000-05:00,17.9298,17.9298,17.91,17.9136,30821
1704219000,2024-01-02T13:10:00.000-05:00,17.91,17.925,17.91,17.925,13440
1704219060,2024-01-02T13:11:00.000-05:00,17.92,17.95,17.92,17.95,17089
1704219120,2024-01-02T13:12:00.000-05:00,17.95,17.955,17.945,17.95,24983
1704219180,2024-01-02T13:13:00.000-05:00,17.95,17.9556,17.95,17.955,15883
1704219240,2024-01-02T13:14:00.000-05:00,17.96,17.96,17.95,17.9501,10373
1704219300,2024-01-02T13:15:00.000-05:00,17.95,17.96,17.95,17.955,19678
1704219360,2024-01-02T13:16:00.000-05:00,17.96,17.965,17.95,17.9601,13237
1704219420,2024-01-02T13:17:00.000-05:00,17.96,17.965,17.96,17.965,3260
1704219480,2024-01-02T13:18:00.000-05:00,17.9686,17.9686,17.96,17.96,6698
1704219540,2024-01-02T13:19:00.000-05:00,17.965,17.98,17.965,17.975,14338
1704219600,2024-01-02T13:20:00.000-05:00,17.975,17.98,17.97,17.98,8446
1704219660,2024-01-02T13:21:00.000-05:00,17.97,17.98,17.97,17.97,5817
1704219720,2024-01-02T13:22:00.000-05:00,17.97,18.0,17.97,17.995,43155
1704219780,2024-01-02T13:23:00.000-05:00,17.9912,18.01,17.99,18.005,35460
1704219840,2024-01-02T13:24:00.000-05:00,18.01,18.02,18.0057,18.01,31143
1704219900,2024-01-02T13:25:00.000-05:00,18.01,18.02,18.0,18.005,24423
1704219960,2024-01-02T13:26:00.000-05:00,18.005,18.0099,18.0,18.005,1582
1704220020,2024-01-02T13:27:00.000-05:00,18.005,18.01,18.0,18.01,12262
1704220080,2024-01-02T13:28:00.000-05:00,18.0,18.01,18.0,18.0054,17836
1704220140,2024-01-02T13:29:00.000-05:00,18.005,18.005,17.99,17.9985,20904
1704220200,2024-01-02T13:30:00.000-05:00,17.99,18.0,17.98,17.98,37313
1704220260,2024-01-02T13:31:00.000-05:00,17.985,17.99,17.98,17.98,3486
1704220320,2024-01-02T13:32:00.000-05:00,17.975,17.975,17.97,17.975,5650
1704220380,2024-01-02T13:33:00.000-05:00,17.98,17.98,17.97,17.98,9454
1704220440,2024-01-02T13:34:00.000-05:00,17.98,17.985,17.975,17.985,6528
1704220500,2024-01-02T13:35:00.000-05:00,17.985,17.985,17.98,17.98,8535
1704220560,2024-01-02T13:36:00.000-05:00,17.98,17.988,17.97,17.98,23055
1704220620,2024-01-02T13:37:00.000-05:00,17.98,17.985,17.975,17.98,9928
1704220680,2024-01-02T13:38:00.000-05:00,17.98,17.985,17.965,17.965,18799
1704220740,2024-01-02T13:39:00.000-05:00,17.9697,17.97,17.96,17.97,23319
1704220800,2024-01-02T13:40:00.000-05:00,17.975,17.975,17.97,17.975,6970
1704220860,2024-01-02T13:41:00.000-05:00,17.9715,17.975,17.97,17.975,3678
1704220920,2024-01-02T13:42:00.000-05:00,17.975,17.975,17.96,17.96,10477
1704220980,2024-01-02T13:43:00.000-05:00,17.9602,17.9798,17.95,17.965,31428
1704221040,2024-01-02T13:44:00.000-05:00,17.97,17.97,17.96,17.965,11524
1704221100,2024-01-02T13:45:00.000-05:00,17.9601,17.97,17.96,17.96,24935
1704221160,2024-01-02T13:46:00.000-05:00,17.97,17.9785,17.965,17.965,32844
1704221220,2024-01-02T13:47:00.000-05:00,17.97,17.97,17.96,17.966,7047
1704221280,2024-01-02T13:48:00.000-05:00,17.96,17.96,17.95,17.96,14360
1704221340,2024-01-02T13:49:00.000-05:00,17.955,17.96,17.95,17.95,14997
1704221400,2024-01-02T13:50:00.000-05:00,17.955,17.965,17.95,17.955,37766
1704221460,2024-01-02T13:51:00.000-05:00,17.955,17.96,17.95,17.9542,8981
1704221520,2024-01-02T13:52:00.000-05:00,17.9504,17.96,17.945,17.96,44686
1704221580,2024-01-02T13:53:00.000-05:00,17.955,17.955,17.95,17.955,11592
1704221640,2024-01-02T13:54:00.000-05:00,17.95,17.95,17.93,17.945,41797
1704221700,2024-01-02T13:55:00.000-05:00,17.945,17.955,17.945,17.95,28069
1704221760,2024-01-02T13:56:00.000-05:00,17.955,17.955,17.94,17.9406,41742
1704221820,2024-01-02T13:57:00.000-05:00,17.945,17.9485,17.94,17.94,15896
1704221880,2024-01-02T13:58:00.000-05:00,17.94,17.95,17.94,17.94,8989
1704221940,2024-01-02T13:59:00.000-05:00,17.9401,17.95,17.94,17.9448,14104
1704222000,2024-01-02T14:00:00.000-05:00,17.94,17.9485,17.9318,17.9414,29289
1704222060,2024-01-02T14:01:00.000-05:00,17.945,17.95,17.94,17.9495,10103
1704222120,2024-01-02T14:02:00.000-05:00,17.945,17.955,17.94,17.945,33000
1704222180,2024-01-02T14:03:00.000-05:00,17.945,17.945,17.94,17.945,3969
1704222240,2024-01-02T14:04:00.000-05:00,17.94,17.95,17.94,17.945,19780
1704222300,2024-01-02T14:05:00.000-05:00,17.945,17.945,17.935,17.935,17045
1704222360,2024-01-02T14:06:00.000-05:00,17.93,17.935,17.92,17.9204,20175
1704222420,2024-01-02T14:07:00.000-05:00,17.92,17.9256,17.91,17.917,32231
1704222480,2024-01-02T14:08:00.000-05:00,17.915,17.92,17.91,17.915,6798
1704222540,2024-01-02T14:09:00.000-05:00,17.91,17.925,17.91,17.92,9506
1704222600,2024-01-02T14:10:00.000-05:00,17.925,17.93,17.92,17.923,17620
1704222660,2024-01-02T14:11:00.000-05:00,17.92,17.925,17.92,17.925,3346
1704222720,2024-01-02T14:12:00.000-05:00,17.92,17.9282,17.92,17.92,2073
1704222780,2024-01-02T14:13:00.000-05:00,17.92,17.925,17.92,17.925,4579
1704222840,2024-01-02T14:14:00.000-05:00,17.925,17.9295,17.9201,17.925,12606
1704222900,2024-01-02T14:15:00.000-05:00,17.925,17.93,17.92,17.925,15066
1704222960,2024-01-02T14:16:00.000-05:00,17.925,17.9275,17.92,17.925,6864
1704223020,2024-01-02T14:17:00.000-05:00,17.925,17.93,17.92,17.93,3530
1704223080,2024-01-02T14:18:00.000-05:00,17.925,17.9385,17.925,17.9385,21721
1704223140,2024-01-02T14:19:00.000-05:00,17.935,17.94,17.9342,17.9342,2941
1704223200,2024-01-02T14:20:00.000-05:00,17.935,17.95,17.93,17.945,56543
1704223260,2024-01-02T14:21:00.000-05:00,17.95,17.95,17.94,17.945,9522
1704223320,2024-01-02T14:22:00.000-05:00,17.95,17.95,17.94,17.95,12826
1704223380,2024-01-02T14:23:00.000-05:00,17.95,17.95,17.945,17.95,7648
1704223440,2024-01-02T14:24:00.000-05:00,17.95,17.96,17.94,17.9412,44146
1704223500,2024-01-02T14:25:00.000-05:00,17.9475,17.95,17.9401,17.945,8851
1704223560,2024-01-02T14:26:00.000-05:00,17.9499,17.9499,17.93,17.93,11916
1704223620,2024-01-02T14:27:00.000-05:00,17.935,17.935,17.93,17.935,4618
1704223680,2024-01-02T14:28:00.000-05:00,17.935,17.9385,17.93,17.935,22336
1704223740,2024-01-02T14:29:00.000-05:00,17.935,17.945,17.93,17.935,29047
1704223800,2024-01-02T14:30:00.000-05:00,17.93,17.935,17.93,17.935,3623
1704223860,2024-01-02T14:31:00.000-05:00,17.935,17.9399,17.925,17.925,33906
1704223920,2024-01-02T14:32:00.000-05:00,17.92,17.9253,17.91,17.915,40469
1704223980,2024-01-02T14:33:00.000-05:00,17.9128,17.915,17.91,17.9115,6483
1704224040,2024-01-02T14:34:00.000-05:00,17.915,17.93,17.915,17.925,44440
1704224100,2024-01-02T14:35:00.000-05:00,17.92,17.9252,17.92,17.9252,3789
1704224160,2024-01-02T14:36:00.000-05:00,17.92,17.93,17.92,17.925,5060
1704224220,2024-01-02T14:37:00.000-05:00,17.92,17.93,17.92,17.925,10714
1704224280,2024-01-02T14:38:00.000-05:00,17.925,17.93,17.925,17.925,2308
1704224340,2024-01-02T14:39:00.000-05:00,17.92,17.9275,17.92,17.925,4264
1704224400,2024-01-02T14:40:00.000-05:00,17.925,17.9275,17.9221,17.925,2497
1704224460,2024-01-02T14:41:00.000-05:00,17.93,17.935,17.925,17.9301,9375
1704224520,2024-01-02T14:42:00.000-05:00,17.935,17.94,17.935,17.94,3691
1704224580,2024-01-02T14:43:00.000-05:00,17.94,17.95,17.935,17.945,54354
1704224640,2024-01-02T14:44:00.000-05:00,17.94,17.949,17.925,17.925,45072
1704224700,2024-01-02T14:45:00.000-05:00,17.925,17.927,17.92,17.925,16280
1704224760,2024-01-02T14:46:00.000-05:00,17.93,17.93,17.92,17.92,8133
1704224820,2024-01-02T14:47:00.000-05:00,17.925,17.9377,17.92,17.925,67343
1704224880,2024-01-02T14:48:00.000-05:00,17.925,17.93,17.92,17.925,20371
1704224940,2024-01-02T14:49:00.000-05:00,17.925,17.9258,17.92,17.925,12682
1704225000,2024-01-02T14:50:00.000-05:00,17.925,17.925,17.925,17.925,3678
1704225060,2024-01-02T14:51:00.000-05:00,17.92,17.93,17.92,17.93,18077
1704225120,2024-01-02T14:52:00.000-05:00,17.925,17.93,17.9201,17.925,4289
1704225180,2024-01-02T14:53:00.000-05:00,17.925,17.925,17.92,17.92,20911
1704225240,2024-01-02T14:54:00.000-05:00,17.92,17.925,17.91,17.925,30921
1704225300,2024-01-02T14:55:00.000-05:00,17.925,17.925,17.91,17.915,17283
1704225360,2024-01-02T14:56:00.000-05:00,17.915,17.915,17.91,17.91,6389
1704225420,2024-01-02T14:57:00.000-05:00,17.915,17.9199,17.91,17.9106,9490
1704225480,2024-01-02T14:58:00.000-05:00,17.91,17.91,17.9,17.905,15006
1704225540,2024-01-02T14:59:00.000-05:00,17.905,17.91,17.9,17.905,76435
1704225600,2024-01-02T15:00:00.000-05:00,17.91,17.915,17.91,17.915,15173
1704225660,2024-01-02T15:01:00.000-05:00,17.91,17.915,17.91,17.91,37965
1704225720,2024-01-02T15:02:00.000-05:00,17.915,17.92,17.915,17.915,6912
1704225780,2024-01-02T15:03:00.000-05:00,17.915,17.93,17.915,17.925,26198
1704225840,2024-01-02T15:04:00.000-05:00,17.9202,17.9299,17.92,17.92,16345
1704225900,2024-01-02T15:05:00.000-05:00,17.92,17.9202,17.91,17.915,12483
1704225960,2024-01-02T15:06:00.000-05:00,17.915,17.915,17.91,17.915,5384
1704226020,2024-01-02T15:07:00.000-05:00,17.915,17.915,17.9111,17.915,1868
1704226080,2024-01-02T15:08:00.000-05:00,17.915,17.93,17.915,17.9266,29149
1704226140,2024-01-02T15:09:00.000-05:00,17.93,17.94,17.93,17.93,27893
1704226200,2024-01-02T15:10:00.000-05:00,17.93,17.94,17.93,17.935,40190
1704226260,2024-01-02T15:11:00.000-05:00,17.93,17.94,17.925,17.93,40333
1704226320,2024-01-02T15:12:00.000-05:00,17.9309,17.935,17.92,17.92,52218
1704226380,2024-01-02T15:13:00.000-05:00,17.925,17.925,17.91,17.9101,19783
1704226440,2024-01-02T15:14:00.000-05:00,17.911,17.92,17.91,17.915,21724
1704226500,2024-01-02T15:15:00.000-05:00,17.915,17.9199,17.89,17.89,72842
1704226560,2024-01-02T15:16:00.000-05:00,17.89,17.89,17.88,17.88,75790
1704226620,2024-01-02T15:17:00.000-05:00,17.89,17.9,17.89,17.895,46673
1704226680,2024-01-02T15:18:00.000-05:00,17.9,17.9,17.88,17.8901,60301
1704226740,2024-01-02T15:19:00.000-05:00,17.895,17.9,17.89,17.895,37050
1704226800,2024-01-02T15:20:00.000-05:00,17.895,17.9,17.895,17.9,9966
1704226860,2024-01-02T15:21:00.000-05:00,17.9,17.9,17.895,17.895,26382
1704226920,2024-01-02T15:22:00.000-05:00,17.9,17.9,17.8802,17.8897,64316
1704226980,2024-01-02T15:23:00.000-05:00,17.89,17.89,17.88,17.88,16200
1704227040,2024-01-02T15:24:00.000-05:00,17.8872,17.8972,17.885,17.8915,48903
1704227100,2024-01-02T15:25:00.000-05:00,17.8901,17.8901,17.88,17.885,11577
1704227160,2024-01-02T15:26:00.000-05:00,17.885,17.885,17.87,17.8757,49367
1704227220,2024-01-02T15:27:00.000-05:00,17.8799,17.88,17.87,17.876,52021
1704227280,2024-01-02T15:28:00.000-05:00,17.875,17.88,17.87,17.875,10591
1704227340,2024-01-02T15:29:00.000-05:00,17.875,17.8763,17.875,17.875,12897
1704227400,2024-01-02T15:30:00.000-05:00,17.8797,17.88,17.87,17.88,25307
1704227460,2024-01-02T15:31:00.000-05:00,17.88,17.895,17.8757,17.895,57614
1704227520,2024-01-02T15:32:00.000-05:00,17.895,17.895,17.88,17.885,63487
1704227580,2024-01-02T15:33:00.000-05:00,17.885,17.885,17.87,17.875,38696
1704227640,2024-01-02T15:34:00.000-05:00,17.88,17.88,17.8603,17.865,38611
1704227700,2024-01-02T15:35:00.000-05:00,17.865,17.8699,17.85,17.85,23856
1704227760,2024-01-02T15:36:00.000-05:00,17.8501,17.8599,17.85,17.8515,29451
1704227820,2024-01-02T15:37:00.000-05:00,17.8599,17.8599,17.83,17.845,57019
1704227880,2024-01-02T15:38:00.000-05:00,17.845,17.85,17.84,17.845,46272
1704227940,2024-01-02T15:39:00.000-05:00,17.845,17.8485,17.84,17.845,36538
1704228000,2024-01-02T15:40:00.000-05:00,17.845,17.847,17.83,17.83,36881
1704228060,2024-01-02T15:41:00.000-05:00,17.83,17.8399,17.83,17.83,22975
1704228120,2024-01-02T15:42:00.000-05:00,17.83,17.84,17.825,17.825,37049
1704228180,2024-01-02T15:43:00.000-05:00,17.8249,17.835,17.82,17.825,93141
1704228240,2024-01-02T15:44:00.000-05:00,17.825,17.83,17.825,17.83,3554
1704228300,2024-01-02T15:45:00.000-05:00,17.825,17.83,17.82,17.83,70821
1704228360,2024-01-02T15:46:00.000-05:00,17.83,17.83,17.8226,17.83,51197
1704228420,2024-01-02T15:47:00.000-05:00,17.83,17.84,17.825,17.84,34460
1704228480,2024-01-02T15:48:00.000-05:00,17.84,17.84,17.8301,17.84,22021
1704228540,2024-01-02T15:49:00.000-05:00,17.84,17.84,17.83,17.83,90670
1704228600,2024-01-02T15:50:00.000-05:00,17.835,17.85,17.83,17.845,113263
1704228660,2024-01-02T15:51:00.000-05:00,17.85,17.86,17.84,17.86,94780
1704228720,2024-01-02T15:52:00.000-05:00,17.855,17.87,17.8501,17.87,41451
1704228780,2024-01-02T15:53:00.000-05:00,17.87,17.88,17.8649,17.88,67384
1704228840,2024-01-02T15:54:00.000-05:00,17.875,17.88,17.8705,17.875,53060
1704228900,2024-01-02T15:55:00.000-05:00,17.88,17.89,17.875,17.885,71740
1704228960,2024-01-02T15:56:00.000-05:00,17.89,17.91,17.885,17.905,130326
1704229020,2024-01-02T15:57:00.000-05:00,17.905,17.91,17.89,17.89,185863
1704229080,2024-01-02T15:58:00.000-05:00,17.89,17.9,17.88,17.88,215160
1704229140,2024-01-02T15:59:00.000-05:00,17.88,17.89,17.88,17.885,250555
1704229200,2024-01-02T16:00:00.000-05:00,17.88,17.8898,17.88,17.8898,591061
1704229260,2024-01-02T16:01:00.000-05:00,17.88,17.8801,17.88,17.8801,301
1704229380,2024-01-02T16:03:00.000-05:00,17.88,17.88,17.88,17.88,1313
1704229500,2024-01-02T16:05:00.000-05:00,17.88,17.88,17.88,17.88,500
1704230460,2024-01-02T16:21:00.000-05:00,17.88,17.88,17.88,17.88,172
1704232680,2024-01-02T16:58:00.000-05:00,17.88,17.88,17.88,17.88,183
1704232860,2024-01-02T17:01:00.000-05:00,17.8797,17.8797,17.8797,17.8797,110
1704232980,2024-01-02T17:03:00.000-05:00,17.88,17.88,17.88,17.88,1115
1704233040,2024-01-02T17:04:00.000-05:00,17.88,17.88,17.88,17.88,1332
1704233220,2024-01-02T17:07:00.000-05:00,17.89,17.89,17.89,17.89,1368
1704233400,2024-01-02T17:10:00.000-05:00,17.89,17.89,17.89,17.89,253
1704233460,2024-01-02T17:11:00.000-05:00,17.8901,17.8901,17.89,17.89,200
1704233520,2024-01-02T17:12:00.000-05:00,17.89,17.9,17.89,17.9,1933
1704233700,2024-01-02T17:15:00.000-05:00,17.89,17.89,17.89,17.89,228
1704234180,2024-01-02T17:23:00.000-05:00,17.9,17.9,17.9,17.9,1466
1704234360,2024-01-02T17:26:00.000-05:00,17.9,17.9,17.9,17.9,200
1704234420,2024-01-02T17:27:00.000-05:00,17.9003,17.9003,17.9,17.9,300
1704234480,2024-01-02T17:28:00.000-05:00,17.9,17.9003,17.9,17.9003,520
1704234540,2024-01-02T17:29:00.000-05:00,17.9,17.9002,17.9,17.9,614
1704234600,2024-01-02T17:30:00.000-05:00,17.9,17.9002,17.9,17.9,500
1704234660,2024-01-02T17:31:00.000-05:00,17.9,17.9,17.9,17.9,300
1704234780,2024-01-02T17:33:00.000-05:00,17.9002,17.9002,17.9002,17.9002,400
1704235080,2024-01-02T17:38:00.000-05:00,17.9,17.9,17.9,17.9,401
1704235140,2024-01-02T17:39:00.000-05:00,17.9002,17.9002,17.9,17.9,600
1704235560,2024-01-02T17:46:00.000-05:00,17.9,17.9003,17.9,17.9003,2000
1704235620,2024-01-02T17:47:00.000-05:00,17.9,17.9,17.9,17.9,4603
1704236580,2024-01-02T18:03:00.000-05:00,17.89,17.89,17.89,17.89,148
1704237720,2024-01-02T18:22:00.000-05:00,17.89,17.89,17.89,17.89,1600
1704239280,2024-01-02T18:48:00.000-05:00,17.89,17.89,17.89,17.89,100
1704239340,2024-01-02T18:49:00.000-05:00,17.89,17.89,17.89,17.89,100
1704239460,2024-01-02T18:51:00.000-05:00,17.8901,17.8901,17.8901,17.8901,152
1704239520,2024-01-02T18:52:00.000-05:00,17.9,17.9,17.9,17.9,202
1704239820,2024-01-02T18:57:00.000-05:00,17.89,17.89,17.89,17.89,811
1704239940,2024-01-02T18:59:00.000-05:00,17.89,17.89,17.89,17.89,186
1704240660,2024-01-02T19:11:00.000-05:00,17.9,17.9,17.9,17.9,200
1704242520,2024-01-02T19:42:00.000-05:00,17.89,17.89,17.89,17.89,440
1704243240,2024-01-02T19:54:00.000-05:00,17.9,17.9,17.9,17.9,200
1704243360,2024-01-02T19:56:00.000-05:00,17.9,17.9,17.9,17.9,341
1704243480,2024-01-02T19:58:00.000-05:00,17.89,17.89,17.89,17.89,104
1704272460,2024-01-03T04:01:00.000-05:00,17.82,17.82,17.82,17.82,302
1704272520,2024-01-03T04:02:00.000-05:00,17.82,17.84,17.82,17.84,356
1704273000,2024-01-03T04:10:00.000-05:00,17.82,17.83,17.82,17.83,400
1704273180,2024-01-03T04:13:00.000-05:00,17.82,17.84,17.8,17.8,550
1704273240,2024-01-03T04:14:00.000-05:00,17.8,17.8,17.8,17.8,200
1704275400,2024-01-03T04:50:00.000-05:00,17.74,17.74,17.74,17.74,250
1704275820,2024-01-03T04:57:00.000-05:00,17.75,17.75,17.75,17.75,1000
1704275880,2024-01-03T04:58:00.000-05:00,17.75,17.75,17.75,17.75,2100
1704276900,2024-01-03T05:15:00.000-05:00,17.74,17.74,17.74,17.74,100
1704277740,2024-01-03T05:29:00.000-05:00,17.72,17.72,17.72,17.72,400
1704277980,2024-01-03T05:33:00.000-05:00,17.74,17.74,17.74,17.74,676
1704278100,2024-01-03T05:35:00.000-05:00,17.74,17.74,17.74,17.74,199
1704280260,2024-01-03T06:11:00.000-05:00,17.71,17.72,17.7,17.7,2601
1704281640,2024-01-03T06:34:00.000-05:00,17.7,17.7,17.7,17.7,126
1704282660,2024-01-03T06:51:00.000-05:00,17.66,17.66,17.66,17.66,3012
1704283140,2024-01-03T06:59:00.000-05:00,17.61,17.61,17.61,17.61,1000
1704283200,2024-01-03T07:00:00.000-05:00,17.63,17.65,17.5996,17.6,8285
1704283260,2024-01-03T07:01:00.000-05:00,17.6,17.6,17.6,17.6,1854
1704283320,2024-01-03T07:02:00.000-05:00,17.59,17.59,17.59,17.59,550
1704283380,2024-01-03T07:03:00.000-05:00,17.5683,17.5995,17.561,17.5995,1032
1704283440,2024-01-03T07:04:00.000-05:00,17.57,17.57,17.57,17.57,240
1704283500,2024-01-03T07:05:00.000-05:00,17.58,17.59,17.58,17.59,1066
1704283560,2024-01-03T07:06:00.000-05:00,17.58,17.58,17.55,17.55,1914
1704283620,2024-01-03T07:07:00.000-05:00,17.54,17.54,17.53,17.53,1207
1704283680,2024-01-03T07:08:00.000-05:00,17.53,17.53,17.53,17.53,528
1704283740,2024-01-03T07:09:00.000-05:00,17.54,17.54,17.54,17.54,597
1704283800,2024-01-03T07:10:00.000-05:00,17.54,17.54,17.53,17.53,2142
1704283860,2024-01-03T07:11:00.000-05:00,17.52,17.52,17.52,17.52,201
1704283920,2024-01-03T07:12:00.000-05:00,17.52,17.53,17.52,17.53,2085
1704284100,2024-01-03T07:15:00.000-05:00,17.5895,17.5895,17.5895,17.5895,2489
1704284160,2024-01-03T07:16:00.000-05:00,17.56,17.56,17.55,17.56,5381
1704284220,2024-01-03T07:17:00.000-05:00,17.55,17.55,17.55,17.55,1201
1704284280,2024-01-03T07:18:00.000-05:00,17.56,17.56,17.54,17.54,5063
1704284340,2024-01-03T07:19:00.000-05:00,17.55,17.55,17.54,17.55,1105
1704284640,2024-01-03T07:24:00.000-05:00,17.54,17.5405,17.54,17.5405,300
1704284700,2024-01-03T07:25:00.000-05:00,17.54,17.54,17.54,17.54,104
1704284760,2024-01-03T07:26:00.000-05:00,17.5401,17.57,17.5401,17.57,5500
1704284820,2024-01-03T07:27:00.000-05:00,17.54,17.56,17.54,17.55,10204
1704284880,2024-01-03T07:28:00.000-05:00,17.54,17.54,17.54,17.54,3718
1704284940,2024-01-03T07:29:00.000-05:00,17.55,17.55,17.54,17.54,11614
1704285000,2024-01-03T07:30:00.000-05:00,17.54,17.54,17.54,17.54,3101
1704285060,2024-01-03T07:31:00.000-05:00,17.54,17.54,17.54,17.54,5037
1704285180,2024-01-03T07:33:00.000-05:00,17.55,17.55,17.55,17.55,750
1704285240,2024-01-03T07:34:00.000-05:00,17.57,17.57,17.55,17.55,4561
1704285600,2024-01-03T07:40:00.000-05:00,17.57,17.57,17.57,17.57,660
1704285660,2024-01-03T07:41:00.000-05:00,17.57,17.57,17.57,17.57,3800
1704285720,2024-01-03T07:42:00.000-05:00,17.57,17.57,17.57,17.57,152
1704285780,2024-01-03T07:43:00.000-05:00,17.5517,17.5517,17.55,17.55,624
1704285840,2024-01-03T07:44:00.000-05:00,17.57,17.57,17.57,17.57,3797
1704285900,2024-01-03T07:45:00.000-05:00,17.56,17.57,17.55,17.57,4100
1704285960,2024-01-03T07:46:00.000-05:00,17.57,17.57,17.57,17.57,8777
1704286020,2024-01-03T07:47:00.000-05:00,17.5981,17.5981,17.5981,17.5981,501
1704286080,2024-01-03T07:48:00.000-05:00,17.59,17.59,17.59,17.59,675
1704286140,2024-01-03T07:49:00.000-05:00,17.58,17.58,17.58,17.58,608
1704286200,2024-01-03T07:50:00.000-05:00,17.58,17.58,17.58,17.58,571
1704286500,2024-01-03T07:55:00.000-05:00,17.6,17.6,17.6,17.6,221
1704286740,2024-01-03T07:59:00.000-05:00,17.5998,17.5998,17.5998,17.5998,1014
1704286920,2024-01-03T08:02:00.000-05:00,17.6,17.6,17.6,17.6,2858
1704287100,2024-01-03T08:05:00.000-05:00,17.6,17.6,17.6,17.6,1959
1704287160,2024-01-03T08:06:00.000-05:00,17.58,17.59,17.57,17.59,3410
1704287220,2024-01-03T08:07:00.000-05:00,17.59,17.6,17.5899,17.6,1280
1704287280,2024-01-03T08:08:00.000-05:00,17.6,17.6,17.6,17.6,1128
1704287400,2024-01-03T08:10:00.000-05:00,17.59,17.59,17.59,17.59,130
1704287520,2024-01-03T08:12:00.000-05:00,17.6,17.6,17.6,17.6,101
1704287580,2024-01-03T08:13:00.000-05:00,17.62,17.62,17.6,17.6,1557
1704287760,2024-01-03T08:16:00.000-05:00,17.5903,17.5903,17.5903,17.5903,123
1704287820,2024-01-03T08:17:00.000-05:00,17.62,17.62,17.62,17.62,896
1704288060,2024-01-03T08:21:00.000-05:00,17.59,17.59,17.59,17.59,1191
1704288120,2024-01-03T08:22:00.000-05:00,17.59,17.6,17.59,17.6,1611
1704288480,2024-01-03T08:28:00.000-05:00,17.57,17.57,17.57,17.57,345
1704288720,2024-01-03T08:32:00.000-05:00,17.59,17.59,17.59,17.59,402
1704288780,2024-01-03T08:33:00.000-05:00,17.58,17.58,17.58,17.58,441
1704288900,2024-01-03T08:35:00.000-05:00,17.58,17.58,17.58,17.58,131
1704288960,2024-01-03T08:36:00.000-05:00,17.59,17.59,17.58,17.58,779
1704289020,2024-01-03T08:37:00.000-05:00,17.59,17.59,17.59,17.59,1270
1704289080,2024-01-03T08:38:00.000-05:00,17.58,17.58,17.58,17.58,451
1704289140,2024-01-03T08:39:00.000-05:00,17.59,17.59,17.59,17.59,656
1704289500,2024-01-03T08:45:00.000-05:00,17.59,17.59,17.57,17.57,6661
1704289560,2024-01-03T08:46:00.000-05:00,17.55,17.6,17.55,17.6,4635
1704289620,2024-01-03T08:47:00.000-05:00,17.55,17.55,17.55,17.55,182
1704289740,2024-01-03T08:49:00.000-05:00,17.55,17.55,17.52,17.52,6400
1704289980,2024-01-03T08:53:00.000-05:00,17.59,17.59,17.59,17.59,125
1704290160,2024-01-03T08:56:00.000-05:00,17.59,17.59,17.59,17.59,242
1704290220,2024-01-03T08:57:00.000-05:00,17.56,17.56,17.56,17.56,1267
1704290280,2024-01-03T08:58:00.000-05:00,17.5343,17.5343,17.5343,17.5343,363
1704290340,2024-01-03T08:59:00.000-05:00,17.6,17.6,17.5995,17.5995,1201
1704290400,2024-01-03T09:00:00.000-05:00,17.6,17.6,17.6,17.6,1015
1704290460,2024-01-03T09:01:00.000-05:00,17.6,17.6,17.6,17.6,1003
1704290580,2024-01-03T09:03:00.000-05:00,17.6,17.6,17.5999,17.5999,1200
1704290640,2024-01-03T09:04:00.000-05:00,17.6,17.6,17.6,17.6,1551
1704290760,2024-01-03T09:06:00.000-05:00,17.55,17.55,17.55,17.55,1038
1704290820,2024-01-03T09:07:00.000-05:00,17.53,17.54,17.53,17.53,23446
1704290880,2024-01-03T09:08:00.000-05:00,17.53,17.53,17.52,17.52,1915
1704290940,2024-01-03T09:09:00.000-05:00,17.52,17.53,17.5,17.5,29844
1704291000,2024-01-03T09:10:00.000-05:00,17.51,17.52,17.51,17.52,12222
1704291060,2024-01-03T09:11:00.000-05:00,17.52,17.53,17.5,17.5,32342
1704291180,2024-01-03T09:13:00.000-05:00,17.5,17.5,17.5,17.5,1166
1704291300,2024-01-03T09:15:00.000-05:00,17.485,17.5,17.485,17.5,1801
1704291360,2024-01-03T09:16:00.000-05:00,17.5,17.5,17.5,17.5,222
1704291420,2024-01-03T09:17:00.000-05:00,17.5,17.5,17.5,17.5,433
1704291480,2024-01-03T09:18:00.000-05:00,17.48,17.48,17.48,17.48,855
1704291540,2024-01-03T09:19:00.000-05:00,17.47,17.47,17.47,17.47,101
1704291600,2024-01-03T09:20:00.000-05:00,17.485,17.485,17.47,17.47,279
1704291660,2024-01-03T09:21:00.000-05:00,17.47,17.48,17.47,17.48,1270
1704291720,2024-01-03T09:22:00.000-05:00,17.47,17.47,17.47,17.47,100
1704291780,2024-01-03T09:23:00.000-05:00,17.54,17.54,17.54,17.54,1006
1704291840,2024-01-03T09:24:00.000-05:00,17.48,17.48,17.47,17.47,810
1704291900,2024-01-03T09:25:00.000-05:00,17.52,17.52,17.52,17.52,502
1704292020,2024-01-03T09:27:00.000-05:00,17.52,17.52,17.52,17.52,1507
1704292140,2024-01-03T09:29:00.000-05:00,17.47,17.47,17.42,17.42,23140
1704292200,2024-01-03T09:30:00.000-05:00,17.46,17.46,17.37,17.45,40412
1704292260,2024-01-03T09:31:00.000-05:00,17.45,17.51,17.4,17.5,450763
1704292320,2024-01-03T09:32:00.000-05:00,17.5,17.5,17.38,17.412,143487
1704292380,2024-01-03T09:33:00.000-05:00,17.41,17.45,17.38,17.3947,140200
1704292440,2024-01-03T09:34:00.000-05:00,17.395,17.4,17.35,17.36,77928
1704292500,2024-01-03T09:35:00.000-05:00,17.365,17.365,17.33,17.345,79822
1704292560,2024-01-03T09:36:00.000-05:00,17.34,17.345,17.31,17.315,45093
1704292620,2024-01-03T09:37:00.000-05:00,17.31,17.415,17.31,17.41,66760
1704292680,2024-01-03T09:38:00.000-05:00,17.42,17.435,17.405,17.43,45978
1704292740,2024-01-03T09:39:00.000-05:00,17.43,17.4789,17.4298,17.4602,47969
1704292800,2024-01-03T09:40:00.000-05:00,17.46,17.47,17.4325,17.4399,46797
1704292860,2024-01-03T09:41:00.000-05:00,17.435,17.4385,17.39,17.4074,53468
1704292920,2024-01-03T09:42:00.000-05:00,17.4,17.4493,17.385,17.44,39553
1704292980,2024-01-03T09:43:00.000-05:00,17.44,17.46,17.43,17.45,81123
1704293040,2024-01-03T09:44:00.000-05:00,17.4485,17.45,17.43,17.44,23618
1704293100,2024-01-03T09:45:00.000-05:00,17.435,17.44,17.4,17.42,124749
1704293160,2024-01-03T09:46:00.000-05:00,17.42,17.47,17.42,17.47,73311
1704293220,2024-01-03T09:47:00.000-05:00,17.475,17.475,17.44,17.44,34777
1704293280,2024-01-03T09:48:00.000-05:00,17.44,17.44,17.41,17.41,24645
1704293340,2024-01-03T09:49:00.000-05:00,17.4166,17.435,17.41,17.435,35327
1704293400,2024-01-03T09:50:00.000-05:00,17.435,17.446,17.423,17.445,31424
1704293460,2024-01-03T09:51:00.000-05:00,17.45,17.48,17.45,17.465,20430
1704293520,2024-01-03T09:52:00.000-05:00,17.465,17.47,17.44,17.4403,49048
1704293580,2024-01-03T09:53:00.000-05:00,17.44,17.44,17.41,17.4152,26334
1704293640,2024-01-03T09:54:00.000-05:00,17.419,17.4489,17.41,17.443,41356
1704293700,2024-01-03T09:55:00.000-05:00,17.45,17.46,17.445,17.46,6869
1704293760,2024-01-03T09:56:00.000-05:00,17.455,17.46,17.445,17.455,22478
1704293820,2024-01-03T09:57:00.000-05:00,17.4548,17.4548,17.42,17.4339,41845
1704293880,2024-01-03T09:58:00.000-05:00,17.44,17.445,17.43,17.44,14740
1704293940,2024-01-03T09:59:00.000-05:00,17.43,17.455,17.43,17.44,41951
1704294000,2024-01-03T10:00:00.000-05:00,17.43,17.55,17.41,17.505,107908
1704294060,2024-01-03T10:01:00.000-05:00,17.51,17.53,17.505,17.52,29387
1704294120,2024-01-03T10:02:00.000-05:00,17.525,17.58,17.525,17.57,81454
1704294180,2024-01-03T10:03:00.000-05:00,17.5668,17.595,17.56,17.59,31058
1704294240,2024-01-03T10:04:00.000-05:00,17.59,17.605,17.553,17.57,64223
1704294300,2024-01-03T10:05:00.000-05:00,17.57,17.58,17.55,17.578,14262
1704294360,2024-01-03T10:06:00.000-05:00,17.58,17.595,17.565,17.565,48464
1704294420,2024-01-03T10:07:00.000-05:00,17.57,17.59,17.57,17.59,11770
1704294480,2024-01-03T10:08:00.000-05:00,17.59,17.59,17.555,17.57,50654
1704294540,2024-01-03T10:09:00.000-05:00,17.56,17.575,17.529,17.529,33905
1704294600,2024-01-03T10:10:00.000-05:00,17.53,17.535,17.515,17.52,14763
1704294660,2024-01-03T10:11:00.000-05:00,17.52,17.525,17.51,17.52,20354
1704294720,2024-01-03T10:12:00.000-05:00,17.52,17.535,17.515,17.535,40320
1704294780,2024-01-03T10:13:00.000-05:00,17.53,17.535,17.51,17.52,18410
1704294840,2024-01-03T10:14:00.000-05:00,17.52,17.53,17.515,17.52,14462
1704294900,2024-01-03T10:15:00.000-05:00,17.51,17.5152,17.5,17.5097,50066
1704294960,2024-01-03T10:16:00.000-05:00,17.5045,17.535,17.5,17.535,47207
1704295020,2024-01-03T10:17:00.000-05:00,17.53,17.53,17.5,17.51,23880
1704295080,2024-01-03T10:18:00.000-05:00,17.52,17.53,17.5186,17.525,28186
1704295140,2024-01-03T10:19:00.000-05:00,17.53,17.54,17.52,17.528,17888
1704295200,2024-01-03T10:20:00.000-05:00,17.53,17.535,17.5,17.505,65960
1704295260,2024-01-03T10:21:00.000-05:00,17.5,17.505,17.49,17.505,82593
1704295320,2024-01-03T10:22:00.000-05:00,17.505,17.5259,17.5,17.51,56810
1704295380,2024-01-03T10:23:00.000-05:00,17.505,17.52,17.5,17.51,11435
1704295440,2024-01-03T10:24:00.000-05:00,17.52,17.55,17.51,17.55,17655
1704295500,2024-01-03T10:25:00.000-05:00,17.5497,17.56,17.5497,17.56,15535
1704295560,2024-01-03T10:26:00.000-05:00,17.56,17.57,17.555,17.5577,40096
1704295620,2024-01-03T10:27:00.000-05:00,17.553,17.57,17.5498,17.555,33634
1704295680,2024-01-03T10:28:00.000-05:00,17.555,17.5577,17.54,17.55,24727
1704295740,2024-01-03T10:29:00.000-05:00,17.54,17.545,17.495,17.5,72937
1704295800,2024-01-03T10:30:00.000-05:00,17.505,17.525,17.5,17.525,38318
1704295860,2024-01-03T10:31:00.000-05:00,17.525,17.56,17.52,17.56,30230
1704295920,2024-01-03T10:32:00.000-05:00,17.55,17.56,17.53,17.53,55742
1704295980,2024-01-03T10:33:00.000-05:00,17.5382,17.5399,17.525,17.5399,21222
1704296040,2024-01-03T10:34:00.000-05:00,17.535,17.5395,17.525,17.53,15302
1704296100,2024-01-03T10:35:00.000-05:00,17.53,17.55,17.52,17.545,12367
1704296160,2024-01-03T10:36:00.000-05:00,17.55,17.56,17.535,17.535,25311
1704296220,2024-01-03T10:37:00.000-05:00,17.53,17.54,17.52,17.525,22469
1704296280,2024-01-03T10:38:00.000-05:00,17.525,17.54,17.51,17.515,67933
1704296340,2024-01-03T10:39:00.000-05:00,17.515,17.525,17.51,17.515,43976
1704296400,2024-01-03T10:40:00.000-05:00,17.515,17.515,17.49,17.505,71552
1704296460,2024-01-03T10:41:00.000-05:00,17.51,17.51,17.49,17.4999,23843
1704296520,2024-01-03T10:42:00.000-05:00,17.4911,17.505,17.4897,17.5,30598
1704296580,2024-01-03T10:43:00.000-05:00,17.5,17.515,17.5,17.515,21267
1704296640,2024-01-03T10:44:00.000-05:00,17.51,17.5168,17.5,17.5095,6370
1704296700,2024-01-03T10:45:00.000-05:00,17.5,17.5,17.47,17.47,38369
1704296760,2024-01-03T10:46:00.000-05:00,17.47,17.47,17.44,17.45,28675
1704296820,2024-01-03T10:47:00.000-05:00,17.45,17.46,17.44,17.4522,34278
1704296880,2024-01-03T10:48:00.000-05:00,17.46,17.46,17.45,17.45,10867
1704296940,2024-01-03T10:49:00.000-05:00,17.44,17.45,17.44,17.45,13634
1704297000,2024-01-03T10:50:00.000-05:00,17.44,17.445,17.43,17.435,45684
1704297060,2024-01-03T10:51:00.000-05:00,17.4393,17.46,17.435,17.4498,20177
1704297120,2024-01-03T10:52:00.000-05:00,17.45,17.465,17.45,17.4597,32017
1704297180,2024-01-03T10:53:00.000-05:00,17.4565,17.46,17.45,17.45,25190
1704297240,2024-01-03T10:54:00.000-05:00,17.4484,17.46,17.44,17.445,26818
1704297300,2024-01-03T10:55:00.000-05:00,17.445,17.4471,17.44,17.4401,16918
1704297360,2024-01-03T10:56:00.000-05:00,17.445,17.46,17.44,17.46,41099
1704297420,2024-01-03T10:57:00.000-05:00,17.45,17.45,17.43,17.44,34578
1704297480,2024-01-03T10:58:00.000-05:00,17.43,17.445,17.43,17.445,18362
1704297540,2024-01-03T10:59:00.000-05:00,17.445,17.445,17.43,17.43,7905
1704297600,2024-01-03T11:00:00.000-05:00,17.435,17.45,17.43,17.435,71747
1704297660,2024-01-03T11:01:00.000-05:00,17.44,17.46,17.42,17.46,90714
1704297720,2024-01-03T11:02:00.000-05:00,17.465,17.5,17.463,17.5,80796
1704297780,2024-01-03T11:03:00.000-05:00,17.495,17.51,17.49,17.5,51505
1704297840,2024-01-03T11:04:00.000-05:00,17.49,17.5,17.49,17.495,11656
1704297900,2024-01-03T11:05:00.000-05:00,17.4998,17.51,17.49,17.49,28604
1704297960,2024-01-03T11:06:00.000-05:00,17.497,17.497,17.48,17.48,19746
1704298020,2024-01-03T11:07:00.000-05:00,17.48,17.49,17.48,17.48,1824
1704298080,2024-01-03T11:08:00.000-05:00,17.48,17.48,17.46,17.46,16788
1704298140,2024-01-03T11:09:00.000-05:00,17.455,17.455,17.435,17.445,34748
1704298200,2024-01-03T11:10:00.000-05:00,17.44,17.455,17.44,17.44,45507
1704298260,2024-01-03T11:11:00.000-05:00,17.44,17.445,17.42,17.42,13629
1704298320,2024-01-03T11:12:00.000-05:00,17.42,17.445,17.41,17.445,72478
1704298380,2024-01-03T11:13:00.000-05:00,17.445,17.46,17.4446,17.4499,37896
1704298440,2024-01-03T11:14:00.000-05:00,17.4496,17.46,17.445,17.46,8176
1704298500,2024-01-03T11:15:00.000-05:00,17.46,17.47,17.455,17.46,36208
1704298560,2024-01-03T11:16:00.000-05:00,17.465,17.48,17.465,17.475,10932
1704298620,2024-01-03T11:17:00.000-05:00,17.47,17.47,17.45,17.455,26561
1704298680,2024-01-03T11:18:00.000-05:00,17.46,17.465,17.45,17.455,11697
1704298740,2024-01-03T11:19:00.000-05:00,17.4548,17.485,17.45,17.48,31835
1704298800,2024-01-03T11:20:00.000-05:00,17.48,17.49,17.48,17.48,12088
1704298860,2024-01-03T11:21:00.000-05:00,17.485,17.5,17.4839,17.49,10330
1704298920,2024-01-03T11:22:00.000-05:00,17.49,17.5,17.49,17.495,8018
1704298980,2024-01-03T11:23:00.000-05:00,17.4944,17.495,17.48,17.48,20944
1704299040,2024-01-03T11:24:00.000-05:00,17.4899,17.4899,17.4625,17.4794,25929
1704299100,2024-01-03T11:25:00.000-05:00,17.48,17.48,17.47,17.475,10737
1704299160,2024-01-03T11:26:00.000-05:00,17.47,17.49,17.47,17.49,19417
1704299220,2024-01-03T11:27:00.000-05:00,17.495,17.4991,17.49,17.495,3129
1704299280,2024-01-03T11:28:00.000-05:00,17.5,17.505,17.4946,17.505,18372
1704299340,2024-01-03T11:29:00.000-05:00,17.5,17.505,17.49,17.495,11392
1704299400,2024-01-03T11:30:00.000-05:00,17.5,17.505,17.49,17.495,27959
1704299460,2024-01-03T11:31:00.000-05:00,17.495,17.51,17.49,17.4964,20326
1704299520,2024-01-03T11:32:00.000-05:00,17.49,17.5,17.47,17.47,41107
1704299580,2024-01-03T11:33:00.000-05:00,17.47,17.478,17.46,17.47,21407
1704299640,2024-01-03T11:34:00.000-05:00,17.47,17.48,17.47,17.47,17337
1704299700,2024-01-03T11:35:00.000-05:00,17.475,17.82,17.47,17.51,1086955
1704299760,2024-01-03T11:36:00.000-05:00,17.515,17.515,17.24,17.33,2216748
1704299820,2024-01-03T11:37:00.000-05:00,17.33,17.38,17.18,17.23,996619
1704299880,2024-01-03T11:38:00.000-05:00,17.23,17.46,17.23,17.46,830301
1704299940,2024-01-03T11:39:00.000-05:00,17.455,17.46,17.18,17.185,448563
1704300000,2024-01-03T11:40:00.000-05:00,17.185,17.21,17.07,17.11,694266
1704300060,2024-01-03T11:41:00.000-05:00,17.115,17.23,17.07,17.17,460824
1704300120,2024-01-03T11:42:00.000-05:00,17.16,17.21,17.095,17.175,236309
1704300180,2024-01-03T11:43:00.000-05:00,17.175,17.28,17.13,17.26,367399
1704300240,2024-01-03T11:44:00.000-05:00,17.25,17.29,17.2,17.2232,167092
1704300300,2024-01-03T11:45:00.000-05:00,17.22,17.28,17.21,17.245,131114
1704300360,2024-01-03T11:46:00.000-05:00,17.2499,17.28,17.21,17.22,93916
1704300420,2024-01-03T11:47:00.000-05:00,17.225,17.23,17.19,17.225,57857
1704300480,2024-01-03T11:48:00.000-05:00,17.2256,17.23,17.205,17.225,34062
1704300540,2024-01-03T11:49:00.000-05:00,17.22,17.29,17.22,17.28,156086
1704300600,2024-01-03T11:50:00.000-05:00,17.275,17.32,17.26,17.285,153082
1704300660,2024-01-03T11:51:00.000-05:00,17.2844,17.29,17.27,17.2798,45040
1704300720,2024-01-03T11:52:00.000-05:00,17.28,17.29,17.24,17.24,111568
1704300780,2024-01-03T11:53:00.000-05:00,17.24,17.25,17.22,17.25,59561
1704300840,2024-01-03T11:54:00.000-05:00,17.25,17.305,17.245,17.3,73186
1704300900,2024-01-03T11:55:00.000-05:00,17.295,17.305,17.285,17.305,30148
1704300960,2024-01-03T11:56:00.000-05:00,17.3094,17.315,17.295,17.31,38434
1704301020,2024-01-03T11:57:00.000-05:00,17.315,17.3385,17.31,17.31,36622
1704301080,2024-01-03T11:58:00.000-05:00,17.31,17.33,17.3,17.3202,37895
1704301140,2024-01-03T11:59:00.000-05:00,17.32,17.32,17.285,17.29,144117
1704301200,2024-01-03T12:00:00.000-05:00,17.29,17.305,17.27,17.27,58552
1704301260,2024-01-03T12:01:00.000-05:00,17.2799,17.29,17.265,17.285,57664
1704301320,2024-01-03T12:02:00.000-05:00,17.285,17.32,17.28,17.315,77015
1704301380,2024-01-03T12:03:00.000-05:00,17.31,17.32,17.29,17.32,25048
1704301440,2024-01-03T12:04:00.000-05:00,17.315,17.32,17.31,17.32,33059
1704301500,2024-01-03T12:05:00.000-05:00,17.325,17.345,17.31,17.34,35623
1704301560,2024-01-03T12:06:00.000-05:00,17.34,17.34,17.325,17.3393,33159
1704301620,2024-01-03T12:07:00.000-05:00,17.335,17.36,17.3301,17.36,37888
1704301680,2024-01-03T12:08:00.000-05:00,17.35,17.365,17.34,17.3455,16367
1704301740,2024-01-03T12:09:00.000-05:00,17.34,17.35,17.33,17.3415,21709
1704301800,2024-01-03T12:10:00.000-05:00,17.345,17.37,17.345,17.3566,42752
1704301860,2024-01-03T12:11:00.000-05:00,17.35,17.36,17.35,17.355,4740
1704301920,2024-01-03T12:12:00.000-05:00,17.35,17.37,17.34,17.37,39606
1704301980,2024-01-03T12:13:00.000-05:00,17.37,17.395,17.37,17.385,43521
1704302040,2024-01-03T12:14:00.000-05:00,17.385,17.395,17.37,17.385,71916
1704302100,2024-01-03T12:15:00.000-05:00,17.385,17.385,17.37,17.38,34347
1704302160,2024-01-03T12:16:00.000-05:00,17.38,17.38,17.36,17.36,24474
1704302220,2024-01-03T12:17:00.000-05:00,17.36,17.37,17.36,17.365,26933
1704302280,2024-01-03T12:18:00.000-05:00,17.365,17.365,17.34,17.345,23195
1704302340,2024-01-03T12:19:00.000-05:00,17.345,17.345,17.32,17.325,18882
1704302400,2024-01-03T12:20:00.000-05:00,17.32,17.34,17.32,17.335,13332
1704302460,2024-01-03T12:21:00.000-05:00,17.335,17.3381,17.33,17.33,8396
1704302520,2024-01-03T12:22:00.000-05:00,17.33,17.34,17.32,17.32,25096
1704302580,2024-01-03T12:23:00.000-05:00,17.32,17.34,17.31,17.34,23956
1704302640,2024-01-03T12:24:00.000-05:00,17.34,17.35,17.34,17.345,12459
1704302700,2024-01-03T12:25:00.000-05:00,17.345,17.37,17.34,17.365,21400
1704302760,2024-01-03T12:26:00.000-05:00,17.3699,17.385,17.365,17.38,50048
1704302820,2024-01-03T12:27:00.000-05:00,17.385,17.395,17.38,17.385,22269
1704302880,2024-01-03T12:28:00.000-05:00,17.39,17.41,17.3824,17.405,22387
1704302940,2024-01-03T12:29:00.000-05:00,17.4099,17.42,17.4,17.415,18738
1704303000,2024-01-03T12:30:00.000-05:00,17.415,17.42,17.39,17.4,37293
1704303060,2024-01-03T12:31:00.000-05:00,17.4,17.41,17.395,17.405,45758
1704303120,2024-01-03T12:32:00.000-05:00,17.405,17.43,17.405,17.43,56232
1704303180,2024-01-03T12:33:00.000-05:00,17.43,17.435,17.405,17.405,76465
1704303240,2024-01-03T12:34:00.000-05:00,17.41,17.4199,17.387,17.39,59602
1704303300,2024-01-03T12:35:00.000-05:00,17.4,17.4181,17.39,17.41,18605
1704303360,2024-01-03T12:36:00.000-05:00,17.415,17.4299,17.415,17.425,47177
1704303420,2024-01-03T12:37:00.000-05:00,17.425,17.43,17.415,17.42,25208
1704303480,2024-01-03T12:38:00.000-05:00,17.415,17.42,17.405,17.405,28355
1704303540,2024-01-03T12:39:00.000-05:00,17.4053,17.4053,17.39,17.3954,26938
1704303600,2024-01-03T12:40:00.000-05:00,17.3999,17.4,17.38,17.3815,26138
1704303660,2024-01-03T12:41:00.000-05:00,17.385,17.4,17.38,17.4,42749
1704303720,2024-01-03T12:42:00.000-05:00,17.4,17.4185,17.4,17.4185,22995
1704303780,2024-01-03T12:43:00.000-05:00,17.419,17.42,17.4,17.405,24083
1704303840,2024-01-03T12:44:00.000-05:00,17.405,17.41,17.4,17.405,40021
1704303900,2024-01-03T12:45:00.000-05:00,17.4098,17.415,17.4,17.4048,31479
1704303960,2024-01-03T12:46:00.000-05:00,17.4,17.405,17.4,17.405,1443
1704304020,2024-01-03T12:47:00.000-05:00,17.4,17.4,17.38,17.385,60128
1704304080,2024-01-03T12:48:00.000-05:00,17.38,17.39,17.37,17.3848,60870
1704304140,2024-01-03T12:49:00.000-05:00,17.38,17.39,17.375,17.385,29001
1704304200,2024-01-03T12:50:00.000-05:00,17.38,17.385,17.37,17.37,13699
1704304260,2024-01-03T12:51:00.000-05:00,17.375,17.375,17.35,17.355,23035
1704304320,2024-01-03T12:52:00.000-05:00,17.355,17.3593,17.34,17.35,33467
1704304380,2024-01-03T12:53:00.000-05:00,17.35,17.3791,17.35,17.375,32072
1704304440,2024-01-03T12:54:00.000-05:00,17.375,17.38,17.37,17.37,8181
1704304500,2024-01-03T12:55:00.000-05:00,17.37,17.39,17.37,17.39,18863
1704304560,2024-01-03T12:56:00.000-05:00,17.385,17.39,17.37,17.385,29338
1704304620,2024-01-03T12:57:00.000-05:00,17.385,17.4,17.385,17.395,22338
1704304680,2024-01-03T12:58:00.000-05:00,17.395,17.41,17.391,17.405,14511
1704304740,2024-01-03T12:59:00.000-05:00,17.4,17.42,17.4,17.415,23865
1704304800,2024-01-03T13:00:00.000-05:00,17.42,17.4454,17.42,17.4415,28627
1704304860,2024-01-03T13:01:00.000-05:00,17.445,17.45,17.43,17.43,64856
1704304920,2024-01-03T13:02:00.000-05:00,17.4299,17.439,17.425,17.43,36190
1704304980,2024-01-03T13:03:00.000-05:00,17.425,17.428,17.4217,17.425,2153
1704305040,2024-01-03T13:04:00.000-05:00,17.43,17.43,17.4115,17.4115,12024
1704305100,2024-01-03T13:05:00.000-05:00,17.41,17.42,17.405,17.41,31100
1704305160,2024-01-03T13:06:00.000-05:00,17.4101,17.42,17.4,17.405,17026
1704305220,2024-01-03T13:07:00.000-05:00,17.4,17.42,17.4,17.4148,21563
1704305280,2024-01-03T13:08:00.000-05:00,17.42,17.43,17.4185,17.43,19219
1704305340,2024-01-03T13:09:00.000-05:00,17.43,17.44,17.425,17.425,27119
1704305400,2024-01-03T13:10:00.000-05:00,17.425,17.4266,17.415,17.4199,15785
1704305460,2024-01-03T13:11:00.000-05:00,17.415,17.415,17.41,17.415,8340
1704305520,2024-01-03T13:12:00.000-05:00,17.415,17.415,17.39,17.395,18991
1704305580,2024-01-03T13:13:00.000-05:00,17.39,17.4,17.39,17.39,14936
1704305640,2024-01-03T13:14:00.000-05:00,17.39,17.4,17.385,17.39,37408
1704305700,2024-01-03T13:15:00.000-05:00,17.395,17.405,17.3925,17.3925,29963
1704305760,2024-01-03T13:16:00.000-05:00,17.4,17.41,17.3925,17.405,30929
1704305820,2024-01-03T13:17:00.000-05:00,17.405,17.42,17.405,17.412,11700
1704305880,2024-01-03T13:18:00.000-05:00,17.415,17.415,17.395,17.405,30737
1704305940,2024-01-03T13:19:00.000-05:00,17.4048,17.41,17.4001,17.405,4821
1704306000,2024-01-03T13:20:00.000-05:00,17.4,17.41,17.39,17.4,23607
1704306060,2024-01-03T13:21:00.000-05:00,17.395,17.41,17.39,17.405,26045
1704306120,2024-01-03T13:22:00.000-05:00,17.405,17.43,17.405,17.43,35374
1704306180,2024-01-03T13:23:00.000-05:00,17.425,17.43,17.425,17.425,4539
1704306240,2024-01-03T13:24:00.000-05:00,17.43,17.43,17.415,17.425,48560
1704306300,2024-01-03T13:25:00.000-05:00,17.42,17.4377,17.42,17.4315,56776
1704306360,2024-01-03T13:26:00.000-05:00,17.435,17.435,17.42,17.425,12488
1704306420,2024-01-03T13:27:00.000-05:00,17.425,17.43,17.425,17.43,9442
1704306480,2024-01-03T13:28:00.000-05:00,17.42,17.43,17.42,17.43,18219
1704306540,2024-01-03T13:29:00.000-05:00,17.42,17.42,17.4115,17.4125,36602
1704306600,2024-01-03T13:30:00.000-05:00,17.415,17.42,17.3915,17.395,45881
1704306660,2024-01-03T13:31:00.000-05:00,17.39,17.4,17.38,17.38,38512
1704306720,2024-01-03T13:32:00.000-05:00,17.385,17.4,17.385,17.395,19871
1704306780,2024-01-03T13:33:00.000-05:00,17.395,17.4,17.385,17.39,29053
1704306840,2024-01-03T13:34:00.000-05:00,17.385,17.395,17.385,17.385,34262
1704306900,2024-01-03T13:35:00.000-05:00,17.39,17.39,17.38,17.381,13611
1704306960,2024-01-03T13:36:00.000-05:00,17.38,17.3899,17.37,17.385,65485
1704307020,2024-01-03T13:37:00.000-05:00,17.385,17.4,17.385,17.395,21793
1704307080,2024-01-03T13:38:00.000-05:00,17.395,17.42,17.395,17.42,26110
1704307140,2024-01-03T13:39:00.000-05:00,17.42,17.43,17.415,17.43,63012
1704307200,2024-01-03T13:40:00.000-05:00,17.425,17.43,17.415,17.415,20694
1704307260,2024-01-03T13:41:00.000-05:00,17.42,17.435,17.42,17.42,31327
1704307320,2024-01-03T13:42:00.000-05:00,17.425,17.43,17.42,17.43,5879
1704307380,2024-01-03T13:43:00.000-05:00,17.43,17.43,17.42,17.42,3606
1704307440,2024-01-03T13:44:00.000-05:00,17.425,17.43,17.42,17.425,14622
1704307500,2024-01-03T13:45:00.000-05:00,17.4276,17.4276,17.4101,17.4197,25549
1704307560,2024-01-03T13:46:00.000-05:00,17.415,17.43,17.41,17.41,43455
1704307620,2024-01-03T13:47:00.000-05:00,17.41,17.41,17.385,17.39,52053
1704307680,2024-01-03T13:48:00.000-05:00,17.395,17.41,17.395,17.4001,29843
1704307740,2024-01-03T13:49:00.000-05:00,17.4,17.41,17.3901,17.3901,14288
1704307800,2024-01-03T13:50:00.000-05:00,17.39,17.395,17.385,17.385,10831
1704307860,2024-01-03T13:51:00.000-05:00,17.38,17.39,17.38,17.39,30467
1704307920,2024-01-03T13:52:00.000-05:00,17.381,17.4,17.38,17.38,27272
1704307980,2024-01-03T13:53:00.000-05:00,17.38,17.3852,17.38,17.3852,3321
1704308040,2024-01-03T13:54:00.000-05:00,17.38,17.39,17.38,17.385,15029
1704308100,2024-01-03T13:55:00.000-05:00,17.385,17.396,17.385,17.396,40773
1704308160,2024-01-03T13:56:00.000-05:00,17.39,17.39,17.38,17.385,19176
1704308220,2024-01-03T13:57:00.000-05:00,17.385,17.385,17.37,17.37,22767
1704308280,2024-01-03T13:58:00.000-05:00,17.38,17.38,17.37,17.37,21654
1704308340,2024-01-03T13:59:00.000-05:00,17.37,17.37,17.36,17.36,20742
1704308400,2024-01-03T14:00:00.000-05:00,17.36,17.46,17.36,17.4,134014
1704308460,2024-01-03T14:01:00.000-05:00,17.39,17.39,17.365,17.365,21156
1704308520,2024-01-03T14:02:00.000-05:00,17.36,17.37,17.35,17.36,27558
1704308580,2024-01-03T14:03:00.000-05:00,17.3599,17.375,17.355,17.3642,25772
1704308640,2024-01-03T14:04:00.000-05:00,17.37,17.37,17.35,17.3599,13657
1704308700,2024-01-03T14:05:00.000-05:00,17.351,17.351,17.33,17.33,12474
1704308760,2024-01-03T14:06:00.000-05:00,17.33,17.35,17.32,17.345,42333
1704308820,2024-01-03T14:07:00.000-05:00,17.3485,17.3485,17.33,17.34,33915
1704308880,2024-01-03T14:08:00.000-05:00,17.3315,17.3399,17.33,17.33,10452
1704308940,2024-01-03T14:09:00.000-05:00,17.33,17.34,17.327,17.33,83784
1704309000,2024-01-03T14:10:00.000-05:00,17.32,17.33,17.315,17.3298,64380
1704309060,2024-01-03T14:11:00.000-05:00,17.33,17.34,17.32,17.32,57141
1704309120,2024-01-03T14:12:00.000-05:00,17.32,17.33,17.305,17.33,68157
1704309180,2024-01-03T14:13:00.000-05:00,17.33,17.33,17.32,17.325,18941
1704309240,2024-01-03T14:14:00.000-05:00,17.32,17.33,17.3099,17.33,59762
1704309300,2024-01-03T14:15:00.000-05:00,17.325,17.33,17.325,17.33,17903
1704309360,2024-01-03T14:16:00.000-05:00,17.32,17.34,17.315,17.325,62649
1704309420,2024-01-03T14:17:00.000-05:00,17.325,17.34,17.325,17.325,20699
1704309480,2024-01-03T14:18:00.000-05:00,17.325,17.34,17.325,17.335,26818
1704309540,2024-01-03T14:19:00.000-05:00,17.3356,17.36,17.335,17.3402,49960
1704309600,2024-01-03T14:20:00.000-05:00,17.34,17.34,17.32,17.325,36729
1704309660,2024-01-03T14:21:00.000-05:00,17.325,17.34,17.32,17.3303,57844
1704309720,2024-01-03T14:22:00.000-05:00,17.33,17.34,17.32,17.32,33417
1704309780,2024-01-03T14:23:00.000-05:00,17.32,17.33,17.31,17.32,49531
1704309840,2024-01-03T14:24:00.000-05:00,17.315,17.32,17.3001,17.32,59799
1704309900,2024-01-03T14:25:00.000-05:00,17.3273,17.37,17.315,17.3585,99580
1704309960,2024-01-03T14:26:00.000-05:00,17.36,17.38,17.36,17.3701,26093
1704310020,2024-01-03T14:27:00.000-05:00,17.38,17.41,17.3797,17.4,47683
1704310080,2024-01-03T14:28:00.000-05:00,17.4,17.4392,17.4,17.425,60084
1704310140,2024-01-03T14:29:00.000-05:00,17.425,17.43,17.41,17.4203,24256
1704310200,2024-01-03T14:30:00.000-05:00,17.425,17.45,17.425,17.445,49831
1704310260,2024-01-03T14:31:00.000-05:00,17.45,17.466,17.4401,17.465,56633
1704310320,2024-01-03T14:32:00.000-05:00,17.46,17.4615,17.425,17.4393,91398
1704310380,2024-01-03T14:33:00.000-05:00,17.43,17.445,17.43,17.435,26309
1704310440,2024-01-03T14:34:00.000-05:00,17.43,17.44,17.421,17.4324,32048
1704310500,2024-01-03T14:35:00.000-05:00,17.435,17.435,17.41,17.41,19993
1704310560,2024-01-03T14:36:00.000-05:00,17.41,17.4199,17.3915,17.405,29668
1704310620,2024-01-03T14:37:00.000-05:00,17.405,17.41,17.4,17.405,34946
1704310680,2024-01-03T14:38:00.000-05:00,17.41,17.42,17.4,17.4115,21570
1704310740,2024-01-03T14:39:00.000-05:00,17.42,17.42,17.4,17.405,12889
1704310800,2024-01-03T14:40:00.000-05:00,17.4001,17.4001,17.38,17.3822,26346
1704310860,2024-01-03T14:41:00.000-05:00,17.3811,17.41,17.38,17.405,48056
1704310920,2024-01-03T14:42:00.000-05:00,17.405,17.42,17.405,17.415,12564
1704310980,2024-01-03T14:43:00.000-05:00,17.42,17.43,17.41,17.415,47473
1704311040,2024-01-03T14:44:00.000-05:00,17.42,17.43,17.41,17.415,37741
1704311100,2024-01-03T14:45:00.000-05:00,17.42,17.42,17.4,17.4,41735
1704311160,2024-01-03T14:46:00.000-05:00,17.405,17.41,17.39,17.395,33784
1704311220,2024-01-03T14:47:00.000-05:00,17.39,17.4,17.385,17.395,59840
1704311280,2024-01-03T14:48:00.000-05:00,17.395,17.4015,17.39,17.3958,53036
1704311340,2024-01-03T14:49:00.000-05:00,17.39,17.4,17.39,17.395,39714
1704311400,2024-01-03T14:50:00.000-05:00,17.395,17.395,17.37,17.3799,55036
1704311460,2024-01-03T14:51:00.000-05:00,17.375,17.39,17.375,17.3886,23729
1704311520,2024-01-03T14:52:00.000-05:00,17.385,17.4,17.37,17.375,54906
1704311580,2024-01-03T14:53:00.000-05:00,17.375,17.4,17.375,17.395,28051
1704311640,2024-01-03T14:54:00.000-05:00,17.3973,17.4,17.37,17.377,28429
1704311700,2024-01-03T14:55:00.000-05:00,17.37,17.38,17.36,17.36,57255
1704311760,2024-01-03T14:56:00.000-05:00,17.36,17.38,17.355,17.38,28413
1704311820,2024-01-03T14:57:00.000-05:00,17.3794,17.385,17.375,17.38,25506
1704311880,2024-01-03T14:58:00.000-05:00,17.38,17.38,17.365,17.365,24490
1704311940,2024-01-03T14:59:00.000-05:00,17.36,17.37,17.36,17.365,12376
1704312000,2024-01-03T15:00:00.000-05:00,17.365,17.37,17.35,17.35,14672
1704312060,2024-01-03T15:01:00.000-05:00,17.355,17.355,17.33,17.33,28928
1704312120,2024-01-03T15:02:00.000-05:00,17.335,17.35,17.33,17.345,37624
1704312180,2024-01-03T15:03:00.000-05:00,17.345,17.35,17.325,17.325,40095
1704312240,2024-01-03T15:04:00.000-05:00,17.3256,17.3299,17.32,17.32,12196
1704312300,2024-01-03T15:05:00.000-05:00,17.3299,17.33,17.32,17.32,9631
1704312360,2024-01-03T15:06:00.000-05:00,17.3299,17.33,17.315,17.325,59200
1704312420,2024-01-03T15:07:00.000-05:00,17.325,17.33,17.305,17.32,69197
1704312480,2024-01-03T15:08:00.000-05:00,17.32,17.32,17.29,17.3,48327
1704312540,2024-01-03T15:09:00.000-05:00,17.31,17.31,17.29,17.29,32065
1704312600,2024-01-03T15:10:00.000-05:00,17.295,17.3,17.28,17.285,35677
1704312660,2024-01-03T15:11:00.000-05:00,17.28,17.2803,17.2619,17.27,65011
1704312720,2024-01-03T15:12:00.000-05:00,17.275,17.28,17.27,17.275,27975
1704312780,2024-01-03T15:13:00.000-05:00,17.275,17.285,17.27,17.285,20376
1704312840,2024-01-03T15:14:00.000-05:00,17.285,17.29,17.28,17.2899,16833
1704312900,2024-01-03T15:15:00.000-05:00,17.285,17.305,17.28,17.295,71441
1704312960,2024-01-03T15:16:00.000-05:00,17.3,17.3,17.29,17.29,21802
1704313020,2024-01-03T15:17:00.000-05:00,17.295,17.295,17.2848,17.295,38238
1704313080,2024-01-03T15:18:00.000-05:00,17.3,17.315,17.295,17.3121,40076
1704313140,2024-01-03T15:19:00.000-05:00,17.31,17.315,17.3,17.3,46742
1704313200,2024-01-03T15:20:00.000-05:00,17.307,17.307,17.29,17.29,19425
1704313260,2024-01-03T15:21:00.000-05:00,17.295,17.3,17.29,17.29,20316
1704313320,2024-01-03T15:22:00.000-05:00,17.295,17.32,17.29,17.315,52411
1704313380,2024-01-03T15:23:00.000-05:00,17.3198,17.33,17.31,17.3191,42603
1704313440,2024-01-03T15:24:00.000-05:00,17.315,17.32,17.3,17.305,59070
1704313500,2024-01-03T15:25:00.000-05:00,17.305,17.31,17.3,17.305,39856
1704313560,2024-01-03T15:26:00.000-05:00,17.3,17.315,17.3,17.3101,42281
1704313620,2024-01-03T15:27:00.000-05:00,17.31,17.315,17.3,17.301,56890
1704313680,2024-01-03T15:28:00.000-05:00,17.3,17.305,17.295,17.305,31057
1704313740,2024-01-03T15:29:00.000-05:00,17.305,17.31,17.3,17.305,33388
1704313800,2024-01-03T15:30:00.000-05:00,17.305,17.31,17.3,17.31,46652
1704313860,2024-01-03T15:31:00.000-05:00,17.31,17.3172,17.31,17.3101,21904
1704313920,2024-01-03T15:32:00.000-05:00,17.315,17.32,17.31,17.315,16907
1704313980,2024-01-03T15:33:00.000-05:00,17.315,17.32,17.3115,17.315,22807
1704314040,2024-01-03T15:34:00.000-05:00,17.311,17.33,17.31,17.325,45802
1704314100,2024-01-03T15:35:00.000-05:00,17.33,17.34,17.3217,17.335,75185
1704314160,2024-01-03T15:36:00.000-05:00,17.335,17.335,17.305,17.305,70153
1704314220,2024-01-03T15:37:00.000-05:00,17.305,17.31,17.3,17.3,42498
1704314280,2024-01-03T15:38:00.000-05:00,17.305,17.3075,17.291,17.3,63518
1704314340,2024-01-03T15:39:00.000-05:00,17.3,17.31,17.285,17.29,99478
1704314400,2024-01-03T15:40:00.000-05:00,17.295,17.3052,17.29,17.3,42248
1704314460,2024-01-03T15:41:00.000-05:00,17.3054,17.32,17.3,17.304,87520
1704314520,2024-01-03T15:42:00.000-05:00,17.3,17.318,17.3,17.318,65731
1704314580,2024-01-03T15:43:00.000-05:00,17.32,17.325,17.31,17.32,42972
1704314640,2024-01-03T15:44:00.000-05:00,17.3208,17.3381,17.32,17.325,92339
1704314700,2024-01-03T15:45:00.000-05:00,17.33,17.36,17.325,17.335,165287
1704314760,2024-01-03T15:46:00.000-05:00,17.33,17.34,17.33,17.3301,39806
1704314820,2024-01-03T15:47:00.000-05:00,17.331,17.34,17.3225,17.33,62228
1704314880,2024-01-03T15:48:00.000-05:00,17.325,17.34,17.32,17.335,60156
1704314940,2024-01-03T15:49:00.000-05:00,17.335,17.34,17.31,17.31,125231
1704315000,2024-01-03T15:50:00.000-05:00,17.3199,17.32,17.3,17.305,63757
1704315060,2024-01-03T15:51:00.000-05:00,17.305,17.325,17.3,17.325,113659
1704315120,2024-01-03T15:52:00.000-05:00,17.325,17.33,17.3,17.3064,115296
1704315180,2024-01-03T15:53:00.000-05:00,17.3,17.31,17.3,17.305,48557
1704315240,2024-01-03T15:54:00.000-05:00,17.305,17.3051,17.29,17.2961,81539
1704315300,2024-01-03T15:55:00.000-05:00,17.2931,17.33,17.29,17.33,163484
1704315360,2024-01-03T15:56:00.000-05:00,17.325,17.3256,17.31,17.315,145272
1704315420,2024-01-03T15:57:00.000-05:00,17.315,17.32,17.31,17.315,81381
1704315480,2024-01-03T15:58:00.000-05:00,17.315,17.32,17.31,17.315,147116
1704315540,2024-01-03T15:59:00.000-05:00,17.315,17.33,17.31,17.325,347675
1704315600,2024-01-03T16:00:00.000-05:00,17.33,17.33,17.33,17.33,470943
1704315660,2024-01-03T16:01:00.000-05:00,17.32,17.32,17.32,17.32,354
1704315780,2024-01-03T16:03:00.000-05:00,17.3,17.33,17.3,17.33,72349
1704315840,2024-01-03T16:04:00.000-05:00,17.2999,17.3,17.2999,17.3,505
1704315900,2024-01-03T16:05:00.000-05:00,17.29,17.33,17.2794,17.28,10605
1704315960,2024-01-03T16:06:00.000-05:00,17.28,17.28,17.28,17.28,127
1704316020,2024-01-03T16:07:00.000-05:00,17.2798,17.28,17.2798,17.28,1110
1704316080,2024-01-03T16:08:00.000-05:00,17.28,17.28,17.28,17.28,218
1704316260,2024-01-03T16:11:00.000-05:00,17.28,17.28,17.28,17.28,573
1704316320,2024-01-03T16:12:00.000-05:00,17.28,17.28,17.28,17.28,1011
1704316740,2024-01-03T16:19:00.000-05:00,17.29,17.29,17.29,17.29,232
1704317040,2024-01-03T16:24:00.000-05:00,17.29,17.3,17.29,17.3,1170
1704317760,2024-01-03T16:36:00.000-05:00,17.3,17.3,17.3,17.3,102
1704318120,2024-01-03T16:42:00.000-05:00,17.3,17.3,17.3,17.3,200
1704318180,2024-01-03T16:43:00.000-05:00,17.3,17.3,17.3,17.3,276
1704318780,2024-01-03T16:53:00.000-05:00,17.29,17.29,17.29,17.29,142
1704318900,2024-01-03T16:55:00.000-05:00,17.3,17.3,17.3,17.3,1079
1704319200,2024-01-03T17:00:00.000-05:00,17.29,17.29,17.29,17.29,105
1704319260,2024-01-03T17:01:00.000-05:00,17.2909,17.2909,17.2909,17.2909,170
1704319320,2024-01-03T17:02:00.000-05:00,17.29,17.29,17.29,17.29,2016
1704319560,2024-01-03T17:06:00.000-05:00,17.31,17.31,17.31,17.31,303
1704320760,2024-01-03T17:26:00.000-05:00,17.31,17.31,17.31,17.31,796
1704321120,2024-01-03T17:32:00.000-05:00,17.32,17.32,17.32,17.32,170
1704321420,2024-01-03T17:37:00.000-05:00,17.3,17.3,17.3,17.3,280
1704322020,2024-01-03T17:47:00.000-05:00,17.32,17.32,17.32,17.32,101
1704322380,2024-01-03T17:53:00.000-05:00,17.3,17.3,17.3,17.3,300
1704324060,2024-01-03T18:21:00.000-05:00,17.34,17.34,17.34,17.34,300
1704325680,2024-01-03T18:48:00.000-05:00,17.3,17.3,17.3,17.3,307
1704327540,2024-01-03T19:19:00.000-05:00,17.32,17.32,17.32,17.32,129
1704327600,2024-01-03T19:20:00.000-05:00,17.33,17.33,17.33,17.33,373
1704328080,2024-01-03T19:28:00.000-05:00,17.32,17.32,17.32,17.32,1103
1704328140,2024-01-03T19:29:00.000-05:00,17.32,17.32,17.32,17.32,300
1704328320,2024-01-03T19:32:00.000-05:00,17.32,17.32,17.32,17.32,302
1704328920,2024-01-03T19:42:00.000-05:00,17.31,17.31,17.31,17.31,869
1704329100,2024-01-03T19:45:00.000-05:00,17.32,18.18,17.28,17.28,9095
1704329160,2024-01-03T19:46:00.000-05:00,17.32,17.32,17.28,17.28,5277
1704329280,2024-01-03T19:48:00.000-05:00,17.34,17.34,17.33,17.33,200
1704329940,2024-01-03T19:59:00.000-05:00,17.34,17.34,17.33,17.33,308
1704358800,2024-01-04T04:00:00.000-05:00,17.46,17.49,17.46,17.49,325
1704359220,2024-01-04T04:07:00.000-05:00,17.42,17.42,17.42,17.42,250
1704359880,2024-01-04T04:18:00.000-05:00,17.35,17.37,17.35,17.35,2200
1704360000,2024-01-04T04:20:00.000-05:00,17.42,17.42,17.42,17.42,500
1704363000,2024-01-04T05:10:00.000-05:00,17.42,17.42,17.42,17.42,1379
1704363060,2024-01-04T05:11:00.000-05:00,17.42,17.42,17.42,17.42,309
1704365460,2024-01-04T05:51:00.000-05:00,17.44,17.44,17.44,17.44,500
1704366960,2024-01-04T06:16:00.000-05:00,17.46,17.46,17.46,17.46,100
1704368880,2024-01-04T06:48:00.000-05:00,17.4,17.4,17.4,17.4,600
1704369600,2024-01-04T07:00:00.000-05:00,17.36,17.36,17.36,17.36,243
1704369960,2024-01-04T07:06:00.000-05:00,17.36,17.36,17.36,17.36,457
1704370020,2024-01-04T07:07:00.000-05:00,17.36,17.36,17.36,17.36,140
1704370080,2024-01-04T07:08:00.000-05:00,17.4,17.4,17.4,17.4,100
1704370260,2024-01-04T07:11:00.000-05:00,17.39,17.43,17.36,17.43,1280
1704370380,2024-01-04T07:13:00.000-05:00,17.39,17.39,17.39,17.39,224
1704371220,2024-01-04T07:27:00.000-05:00,17.38,17.38,17.38,17.38,126
1704371340,2024-01-04T07:29:00.000-05:00,17.4,17.4,17.4,17.4,1000
1704371400,2024-01-04T07:30:00.000-05:00,17.4,17.4,17.4,17.4,1001
1704371880,2024-01-04T07:38:00.000-05:00,17.4,17.4,17.4,17.4,1050
1704371940,2024-01-04T07:39:00.000-05:00,17.39,17.39,17.39,17.39,211
1704372420,2024-01-04T07:47:00.000-05:00,17.38,17.38,17.38,17.38,100
1704372720,2024-01-04T07:52:00.000-05:00,17.4,17.4,17.4,17.4,1001
1704372780,2024-01-04T07:53:00.000-05:00,17.4,17.4,17.4,17.4,200
1704373080,2024-01-04T07:58:00.000-05:00,17.38,17.38,17.38,17.38,698
1704373320,2024-01-04T08:02:00.000-05:00,17.38,17.38,17.38,17.38,372
1704373500,2024-01-04T08:05:00.000-05:00,17.3897,17.3897,17.3897,17.3897,620
1704373560,2024-01-04T08:06:00.000-05:00,17.39,17.39,17.39,17.39,166
1704374040,2024-01-04T08:14:00.000-05:00,17.39,17.4,17.39,17.4,1604
1704374100,2024-01-04T08:15:00.000-05:00,17.39,17.39,17.39,17.39,490
1704374160,2024-01-04T08:16:00.000-05:00,17.38,17.38,17.38,17.38,500
1704374400,2024-01-04T08:20:00.000-05:00,17.4,17.4,17.39,17.39,1150
1704374460,2024-01-04T08:21:00.000-05:00,17.39,17.39,17.39,17.39,9150
1704374820,2024-01-04T08:27:00.000-05:00,17.38,17.38,17.38,17.38,247
1704374880,2024-01-04T08:28:00.000-05:00,17.38,17.38,17.38,17.38,100
1704375060,2024-01-04T08:31:00.000-05:00,17.37,17.38,17.37,17.38,200
1704375120,2024-01-04T08:32:00.000-05:00,17.36,17.36,17.36,17.36,111
1704375360,2024-01-04T08:36:00.000-05:00,17.4,17.4,17.4,17.4,291
1704375420,2024-01-04T08:37:00.000-05:00,17.36,17.36,17.36,17.36,365
1704375540,2024-01-04T08:39:00.000-05:00,17.36,17.36,17.36,17.36,209
1704375600,2024-01-04T08:40:00.000-05:00,17.35,17.35,17.34,17.34,2136
1704375660,2024-01-04T08:41:00.000-05:00,17.34,17.34,17.34,17.34,300
1704375720,2024-01-04T08:42:00.000-05:00,17.33,17.33,17.33,17.33,3754
1704375780,2024-01-04T08:43:00.000-05:00,17.32,17.33,17.32,17.32,4616
1704375840,2024-01-04T08:44:00.000-05:00,17.33,17.33,17.33,17.33,1291
1704375900,2024-01-04T08:45:00.000-05:00,17.32,17.32,17.32,17.32,29955
1704375960,2024-01-04T08:46:00.000-05:00,17.31,17.31,17.3,17.3,750
1704376080,2024-01-04T08:48:00.000-05:00,17.31,17.32,17.31,17.32,2502
1704376140,2024-01-04T08:49:00.000-05:00,17.32,17.32,17.32,17.32,353
1704376260,2024-01-04T08:51:00.000-05:00,17.33,17.33,17.33,17.33,1800
1704376320,2024-01-04T08:52:00.000-05:00,17.36,17.36,17.36,17.36,2620
1704376380,2024-01-04T08:53:00.000-05:00,17.35,17.35,17.34,17.34,592
1704376620,2024-01-04T08:57:00.000-05:00,17.33,17.33,17.33,17.33,1040
1704376800,2024-01-04T09:00:00.000-05:00,17.3,17.3,17.3,17.3,208
1704376860,2024-01-04T09:01:00.000-05:00,17.3,17.3,17.3,17.3,235
1704376980,2024-01-04T09:03:00.000-05:00,17.32,17.32,17.32,17.32,262
1704377040,2024-01-04T09:04:00.000-05:00,17.32,17.32,17.31,17.31,1949
1704377160,2024-01-04T09:06:00.000-05:00,17.3,17.31,17.3,17.31,3058
1704377220,2024-01-04T09:07:00.000-05:00,17.31,17.31,17.3,17.31,5191
1704377340,2024-01-04T09:09:00.000-05:00,17.3,17.3,17.3,17.3,1137
1704377400,2024-01-04T09:10:00.000-05:00,17.29,17.29,17.29,17.29,471
1704377460,2024-01-04T09:11:00.000-05:00,17.31,17.35,17.31,17.35,896
1704377640,2024-01-04T09:14:00.000-05:00,17.3,17.3,17.3,17.3,501
1704377760,2024-01-04T09:16:00.000-05:00,17.33,17.33,17.33,17.33,410
1704377880,2024-01-04T09:18:00.000-05:00,17.32,17.32,17.32,17.32,351
1704378120,2024-01-04T09:22:00.000-05:00,17.32,17.32,17.32,17.32,168
1704378360,2024-01-04T09:26:00.000-05:00,17.34,17.38,17.34,17.38,4329
1704378420,2024-01-04T09:27:00.000-05:00,17.3805,17.3805,17.3805,17.3805,126
1704378480,2024-01-04T09:28:00.000-05:00,17.38,17.38,17.38,17.38,589
1704378540,2024-01-04T09:29:00.000-05:00,17.4,17.4,17.4,17.4,2462
1704378600,2024-01-04T09:30:00.000-05:00,17.38,17.4,17.28,17.3,276401
1704378660,2024-01-04T09:31:00.000-05:00,17.28,17.29,17.215,17.256,35126
1704378720,2024-01-04T09:32:00.000-05:00,17.255,17.255,17.205,17.21,65880
1704378780,2024-01-04T09:33:00.000-05:00,17.21,17.25,17.2,17.245,56169
1704378840,2024-01-04T09:34:00.000-05:00,17.255,17.255,17.22,17.22,60123
1704378900,2024-01-04T09:35:00.000-05:00,17.22,17.245,17.205,17.22,53837
1704378960,2024-01-04T09:36:00.000-05:00,17.22,17.285,17.22,17.281,38299
1704379020,2024-01-04T09:37:00.000-05:00,17.29,17.29,17.255,17.255,70807
1704379080,2024-01-04T09:38:00.000-05:00,17.255,17.27,17.225,17.225,76604
1704379140,2024-01-04T09:39:00.000-05:00,17.22,17.23,17.19,17.19,139229
1704379200,2024-01-04T09:40:00.000-05:00,17.195,17.2,17.14,17.15,99776
1704379260,2024-01-04T09:41:00.000-05:00,17.15,17.16,17.135,17.155,195165
1704379320,2024-01-04T09:42:00.000-05:00,17.155,17.18,17.14,17.16,316810
1704379380,2024-01-04T09:43:00.000-05:00,17.155,17.22,17.155,17.22,56016
1704379440,2024-01-04T09:44:00.000-05:00,17.22,17.22,17.19,17.19,15002
1704379500,2024-01-04T09:45:00.000-05:00,17.181,17.19,17.155,17.155,27938
1704379560,2024-01-04T09:46:00.000-05:00,17.15,17.15,17.12,17.12,39326
1704379620,2024-01-04T09:47:00.000-05:00,17.12,17.14,17.1016,17.14,50271
1704379680,2024-01-04T09:48:00.000-05:00,17.13,17.14,17.1,17.1,20011
1704379740,2024-01-04T09:49:00.000-05:00,17.1,17.1,17.06,17.0695,85249
1704379800,2024-01-04T09:50:00.000-05:00,17.06,17.11,17.05,17.105,104797
1704379860,2024-01-04T09:51:00.000-05:00,17.1,17.145,17.1,17.13,63027
1704379920,2024-01-04T09:52:00.000-05:00,17.135,17.16,17.13,17.155,32368
1704379980,2024-01-04T09:53:00.000-05:00,17.15,17.17,17.1441,17.1441,65725
1704380040,2024-01-04T09:54:00.000-05:00,17.145,17.17,17.14,17.1601,17285
1704380100,2024-01-04T09:55:00.000-05:00,17.17,17.18,17.1615,17.17,55023
1704380160,2024-01-04T09:56:00.000-05:00,17.175,17.2,17.175,17.195,47630
1704380220,2024-01-04T09:57:00.000-05:00,17.195,17.2,17.185,17.195,17949
1704380280,2024-01-04T09:58:00.000-05:00,17.195,17.22,17.19,17.203,48562
1704380340,2024-01-04T09:59:00.000-05:00,17.2,17.2,17.18,17.18,27098
1704380400,2024-01-04T10:00:00.000-05:00,17.19,17.21,17.18,17.205,27576
1704380460,2024-01-04T10:01:00.000-05:00,17.205,17.235,17.205,17.215,141839
1704380520,2024-01-04T10:02:00.000-05:00,17.215,17.225,17.2,17.21,140794
1704380580,2024-01-04T10:03:00.000-05:00,17.21,17.22,17.1816,17.195,76687
1704380640,2024-01-04T10:04:00.000-05:00,17.195,17.23,17.185,17.23,35977
1704380700,2024-01-04T10:05:00.000-05:00,17.23,17.24,17.21,17.225,39765
1704380760,2024-01-04T10:06:00.000-05:00,17.23,17.245,17.225,17.24,18438
1704380820,2024-01-04T10:07:00.000-05:00,17.24,17.245,17.225,17.23,17180
1704380880,2024-01-04T10:08:00.000-05:00,17.235,17.2699,17.235,17.25,75861
1704380940,2024-01-04T10:09:00.000-05:00,17.245,17.27,17.24,17.27,31695
1704381000,2024-01-04T10:10:00.000-05:00,17.26,17.28,17.26,17.275,49379
1704381060,2024-01-04T10:11:00.000-05:00,17.275,17.275,17.255,17.265,34025
1704381120,2024-01-04T10:12:00.000-05:00,17.2699,17.3,17.2606,17.2999,45041
1704381180,2024-01-04T10:13:00.000-05:00,17.2977,17.305,17.29,17.3,25670
1704381240,2024-01-04T10:14:00.000-05:00,17.29,17.3155,17.29,17.3155,28125
1704381300,2024-01-04T10:15:00.000-05:00,17.315,17.32,17.275,17.28,89891
1704381360,2024-01-04T10:16:00.000-05:00,17.28,17.29,17.2709,17.275,24194
1704381420,2024-01-04T10:17:00.000-05:00,17.27,17.28,17.27,17.27,5337
1704381480,2024-01-04T10:18:00.000-05:00,17.27,17.29,17.27,17.29,14560
1704381540,2024-01-04T10:19:00.000-05:00,17.2899,17.31,17.2898,17.3,33716
1704381600,2024-01-04T10:20:00.000-05:00,17.295,17.3099,17.285,17.29,20963
1704381660,2024-01-04T10:21:00.000-05:00,17.29,17.29,17.27,17.275,43110
1704381720,2024-01-04T10:22:00.000-05:00,17.28,17.28,17.27,17.275,15807
1704381780,2024-01-04T10:23:00.000-05:00,17.275,17.305,17.27,17.302,30415
1704381840,2024-01-04T10:24:00.000-05:00,17.305,17.315,17.3,17.3085,28126
1704381900,2024-01-04T10:25:00.000-05:00,17.31,17.31,17.295,17.3,20822
1704381960,2024-01-04T10:26:00.000-05:00,17.2931,17.32,17.29,17.315,30717
1704382020,2024-01-04T10:27:00.000-05:00,17.3101,17.32,17.31,17.32,21148
1704382080,2024-01-04T10:28:00.000-05:00,17.32,17.335,17.31,17.33,65612
1704382140,2024-01-04T10:29:00.000-05:00,17.34,17.36,17.335,17.355,34489
1704382200,2024-01-04T10:30:00.000-05:00,17.3548,17.36,17.33,17.34,34406
1704382260,2024-01-04T10:31:00.000-05:00,17.34,17.3682,17.33,17.3557,50080
1704382320,2024-01-04T10:32:00.000-05:00,17.3512,17.39,17.351,17.385,42229
1704382380,2024-01-04T10:33:00.000-05:00,17.385,17.385,17.355,17.365,38016
1704382440,2024-01-04T10:34:00.000-05:00,17.37,17.37,17.355,17.37,33752
1704382500,2024-01-04T10:35:00.000-05:00,17.37,17.385,17.37,17.38,30949
1704382560,2024-01-04T10:36:00.000-05:00,17.38,17.39,17.38,17.39,30924
1704382620,2024-01-04T10:37:00.000-05:00,17.385,17.395,17.38,17.39,26376
1704382680,2024-01-04T10:38:00.000-05:00,17.39,17.405,17.39,17.395,39565
1704382740,2024-01-04T10:39:00.000-05:00,17.395,17.4,17.38,17.399,70181
1704382800,2024-01-04T10:40:00.000-05:00,17.395,17.4,17.38,17.395,43295
1704382860,2024-01-04T10:41:00.000-05:00,17.4,17.41,17.39,17.41,20467
1704382920,2024-01-04T10:42:00.000-05:00,17.41,17.415,17.4,17.405,15122
1704382980,2024-01-04T10:43:00.000-05:00,17.4093,17.415,17.4001,17.405,39341
1704383040,2024-01-04T10:44:00.000-05:00,17.41,17.415,17.4,17.405,49010
1704383100,2024-01-04T10:45:00.000-05:00,17.405,17.41,17.3815,17.39,54744
1704383160,2024-01-04T10:46:00.000-05:00,17.385,17.39,17.38,17.39,10757
1704383220,2024-01-04T10:47:00.000-05:00,17.38,17.4,17.38,17.4,17516
1704383280,2024-01-04T10:48:00.000-05:00,17.395,17.4185,17.39,17.41,95349
1704383340,2024-01-04T10:49:00.000-05:00,17.405,17.425,17.4,17.425,89658
1704383400,2024-01-04T10:50:00.000-05:00,17.425,17.43,17.42,17.425,28413
1704383460,2024-01-04T10:51:00.000-05:00,17.4209,17.46,17.42,17.46,185691
1704383520,2024-01-04T10:52:00.000-05:00,17.455,17.4663,17.44,17.44,51557
1704383580,2024-01-04T10:53:00.000-05:00,17.4436,17.445,17.415,17.425,64671
1704383640,2024-01-04T10:54:00.000-05:00,17.421,17.4386,17.42,17.425,16617
1704383700,2024-01-04T10:55:00.000-05:00,17.425,17.425,17.4,17.415,36000
1704383760,2024-01-04T10:56:00.000-05:00,17.415,17.43,17.41,17.42,20016
1704383820,2024-01-04T10:57:00.000-05:00,17.42,17.44,17.42,17.44,26840
1704383880,2024-01-04T10:58:00.000-05:00,17.4399,17.44,17.415,17.43,59644
1704383940,2024-01-04T10:59:00.000-05:00,17.425,17.425,17.41,17.41,38561
1704384000,2024-01-04T11:00:00.000-05:00,17.415,17.43,17.4104,17.42,42075
1704384060,2024-01-04T11:01:00.000-05:00,17.415,17.43,17.41,17.415,27243
1704384120,2024-01-04T11:02:00.000-05:00,17.415,17.425,17.4145,17.415,16165
1704384180,2024-01-04T11:03:00.000-05:00,17.42,17.42,17.405,17.415,14009
1704384240,2024-01-04T11:04:00.000-05:00,17.41,17.4142,17.39,17.3988,30809
1704384300,2024-01-04T11:05:00.000-05:00,17.39,17.4,17.385,17.395,11517
1704384360,2024-01-04T11:06:00.000-05:00,17.395,17.395,17.3801,17.39,11063
1704384420,2024-01-04T11:07:00.000-05:00,17.3999,17.4,17.38,17.3842,52855
1704384480,2024-01-04T11:08:00.000-05:00,17.385,17.4,17.38,17.385,29413
1704384540,2024-01-04T11:09:00.000-05:00,17.385,17.4,17.385,17.39,13797
1704384600,2024-01-04T11:10:00.000-05:00,17.395,17.41,17.3912,17.4015,39729
1704384660,2024-01-04T11:11:00.000-05:00,17.405,17.41,17.395,17.41,24070
1704384720,2024-01-04T11:12:00.000-05:00,17.405,17.41,17.39,17.3945,15801
1704384780,2024-01-04T11:13:00.000-05:00,17.395,17.395,17.37,17.385,105190
1704384840,2024-01-04T11:14:00.000-05:00,17.38,17.4,17.38,17.4,39036
1704384900,2024-01-04T11:15:00.000-05:00,17.4,17.4085,17.39,17.395,39652
1704384960,2024-01-04T11:16:00.000-05:00,17.39,17.41,17.39,17.4,15038
1704385020,2024-01-04T11:17:00.000-05:00,17.4,17.4,17.3901,17.3901,14530
1704385080,2024-01-04T11:18:00.000-05:00,17.3937,17.4,17.3801,17.385,10800
1704385140,2024-01-04T11:19:00.000-05:00,17.385,17.385,17.3515,17.36,43760
1704385200,2024-01-04T11:20:00.000-05:00,17.36,17.38,17.36,17.38,18273
1704385260,2024-01-04T11:21:00.000-05:00,17.375,17.38,17.3685,17.379,33839
1704385320,2024-01-04T11:22:00.000-05:00,17.38,17.395,17.38,17.395,15779
1704385380,2024-01-04T11:23:00.000-05:00,17.4,17.42,17.395,17.42,30876
1704385440,2024-01-04T11:24:00.000-05:00,17.415,17.4162,17.405,17.405,15527
1704385500,2024-01-04T11:25:00.000-05:00,17.4001,17.4298,17.4001,17.425,63752
1704385560,2024-01-04T11:26:00.000-05:00,17.425,17.44,17.4225,17.4301,29515
1704385620,2024-01-04T11:27:00.000-05:00,17.435,17.44,17.4301,17.435,6543
1704385680,2024-01-04T11:28:00.000-05:00,17.44,17.44,17.43,17.435,17745
1704385740,2024-01-04T11:29:00.000-05:00,17.435,17.44,17.43,17.435,27328
1704385800,2024-01-04T11:30:00.000-05:00,17.435,17.45,17.43,17.45,48265
1704385860,2024-01-04T11:31:00.000-05:00,17.4401,17.4599,17.44,17.455,38293
1704385920,2024-01-04T11:32:00.000-05:00,17.455,17.46,17.44,17.45,137797
1704385980,2024-01-04T11:33:00.000-05:00,17.445,17.45,17.4302,17.435,49342
1704386040,2024-01-04T11:34:00.000-05:00,17.43,17.435,17.42,17.425,10855
1704386100,2024-01-04T11:35:00.000-05:00,17.43,17.44,17.42,17.42,65993
1704386160,2024-01-04T11:36:00.000-05:00,17.4221,17.44,17.4201,17.4399,34271
1704386220,2024-01-04T11:37:00.000-05:00,17.435,17.4599,17.435,17.4501,18127
1704386280,2024-01-04T11:38:00.000-05:00,17.455,17.46,17.44,17.44,10977
1704386340,2024-01-04T11:39:00.000-05:00,17.4415,17.4519,17.43,17.44,21550
1704386400,2024-01-04T11:40:00.000-05:00,17.435,17.44,17.4285,17.435,32570
1704386460,2024-01-04T11:41:00.000-05:00,17.435,17.4399,17.43,17.435,11698
1704386520,2024-01-04T11:42:00.000-05:00,17.4301,17.44,17.425,17.425,26457
1704386580,2024-01-04T11:43:00.000-05:00,17.425,17.43,17.415,17.43,31648
1704386640,2024-01-04T11:44:00.000-05:00,17.425,17.45,17.42,17.44,34100
1704386700,2024-01-04T11:45:00.000-05:00,17.435,17.45,17.435,17.445,16861
1704386760,2024-01-04T11:46:00.000-05:00,17.4462,17.4462,17.425,17.425,27829
1704386820,2024-01-04T11:47:00.000-05:00,17.425,17.43,17.4057,17.4199,30971
1704386880,2024-01-04T11:48:00.000-05:00,17.4199,17.42,17.415,17.42,5346
1704386940,2024-01-04T11:49:00.000-05:00,17.415,17.415,17.4,17.405,21685
1704387000,2024-01-04T11:50:00.000-05:00,17.405,17.405,17.385,17.3979,32664
1704387060,2024-01-04T11:51:00.000-05:00,17.4,17.4,17.3848,17.39,27445
1704387120,2024-01-04T11:52:00.000-05:00,17.3901,17.4,17.385,17.395,27966
1704387180,2024-01-04T11:53:00.000-05:00,17.3915,17.395,17.3898,17.39,25086
1704387240,2024-01-04T11:54:00.000-05:00,17.395,17.4,17.39,17.395,7702
1704387300,2024-01-04T11:55:00.000-05:00,17.39,17.405,17.39,17.405,21116
1704387360,2024-01-04T11:56:00.000-05:00,17.4,17.41,17.395,17.405,17777
1704387420,2024-01-04T11:57:00.000-05:00,17.405,17.41,17.405,17.41,1547
1704387480,2024-01-04T11:58:00.000-05:00,17.41,17.41,17.4,17.405,21675
1704387540,2024-01-04T11:59:00.000-05:00,17.4074,17.4074,17.39,17.39,18404
1704387600,2024-01-04T12:00:00.000-05:00,17.39,17.41,17.385,17.395,50316
1704387660,2024-01-04T12:01:00.000-05:00,17.4,17.41,17.4,17.41,10161
1704387720,2024-01-04T12:02:00.000-05:00,17.4,17.405,17.4,17.4,2301
1704387780,2024-01-04T12:03:00.000-05:00,17.4,17.4,17.38,17.385,23559
1704387840,2024-01-04T12:04:00.000-05:00,17.385,17.4,17.385,17.3901,43181
1704387900,2024-01-04T12:05:00.000-05:00,17.4,17.41,17.4,17.408,6271
1704387960,2024-01-04T12:06:00.000-05:00,17.41,17.41,17.4,17.405,6402
1704388020,2024-01-04T12:07:00.000-05:00,17.41,17.415,17.4001,17.4115,12849
1704388080,2024-01-04T12:08:00.000-05:00,17.42,17.42,17.415,17.42,4536
1704388140,2024-01-04T12:09:00.000-05:00,17.42,17.42,17.4141,17.42,8171
1704388200,2024-01-04T12:10:00.000-05:00,17.415,17.425,17.4124,17.42,12232
1704388260,2024-01-04T12:11:00.000-05:00,17.425,17.425,17.39,17.395,29200
1704388320,2024-01-04T12:12:00.000-05:00,17.395,17.405,17.395,17.395,14637
1704388380,2024-01-04T12:13:00.000-05:00,17.39,17.4,17.385,17.4,24001
1704388440,2024-01-04T12:14:00.000-05:00,17.4,17.41,17.3935,17.4,28725
1704388500,2024-01-04T12:15:00.000-05:00,17.4,17.4042,17.389,17.3984,38595
1704388560,2024-01-04T12:16:00.000-05:00,17.4,17.41,17.39,17.3942,71265
1704388620,2024-01-04T12:17:00.000-05:00,17.39,17.395,17.385,17.385,43874
1704388680,2024-01-04T12:18:00.000-05:00,17.39,17.4,17.38,17.3801,35972
1704388740,2024-01-04T12:19:00.000-05:00,17.3785,17.39,17.375,17.3898,73122
1704388800,2024-01-04T12:20:00.000-05:00,17.385,17.4,17.385,17.3985,41041
1704388860,2024-01-04T12:21:00.000-05:00,17.4,17.4,17.38,17.385,18782
1704388920,2024-01-04T12:22:00.000-05:00,17.385,17.39,17.375,17.385,41127
1704388980,2024-01-04T12:23:00.000-05:00,17.385,17.388,17.375,17.375,49826
1704389040,2024-01-04T12:24:00.000-05:00,17.375,17.38,17.37,17.3764,14077
1704389100,2024-01-04T12:25:00.000-05:00,17.375,17.39,17.375,17.385,21890
1704389160,2024-01-04T12:26:00.000-05:00,17.38,17.39,17.38,17.38,44106
1704389220,2024-01-04T12:27:00.000-05:00,17.38,17.39,17.38,17.385,8387
1704389280,2024-01-04T12:28:00.000-05:00,17.39,17.39,17.37,17.375,17522
1704389340,2024-01-04T12:29:00.000-05:00,17.38,17.38,17.365,17.37,29823
1704389400,2024-01-04T12:30:00.000-05:00,17.37,17.37,17.35,17.355,22373
1704389460,2024-01-04T12:31:00.000-05:00,17.355,17.36,17.35,17.355,7457
1704389520,2024-01-04T12:32:00.000-05:00,17.35,17.36,17.35,17.36,17023
1704389580,2024-01-04T12:33:00.000-05:00,17.3699,17.38,17.365,17.37,25776
1704389640,2024-01-04T12:34:00.000-05:00,17.37,17.38,17.37,17.375,10535
1704389700,2024-01-04T12:35:00.000-05:00,17.37,17.375,17.36,17.36,33949
1704389760,2024-01-04T12:36:00.000-05:00,17.365,17.38,17.365,17.375,38323
1704389820,2024-01-04T12:37:00.000-05:00,17.375,17.39,17.375,17.3897,38004
1704389880,2024-01-04T12:38:00.000-05:00,17.39,17.4,17.385,17.4,41196
1704389940,2024-01-04T12:39:00.000-05:00,17.4,17.41,17.395,17.405,22641
1704390000,2024-01-04T12:40:00.000-05:00,17.4,17.41,17.385,17.395,47995
1704390060,2024-01-04T12:41:00.000-05:00,17.39,17.4,17.385,17.395,36495
1704390120,2024-01-04T12:42:00.000-05:00,17.3901,17.4,17.39,17.39,7658
1704390180,2024-01-04T12:43:00.000-05:00,17.39,17.4,17.39,17.3901,2453
1704390240,2024-01-04T12:44:00.000-05:00,17.3901,17.4,17.3821,17.395,42320
1704390300,2024-01-04T12:45:00.000-05:00,17.39,17.39,17.365,17.37,61852
1704390360,2024-01-04T12:46:00.000-05:00,17.365,17.38,17.365,17.375,40926
1704390420,2024-01-04T12:47:00.000-05:00,17.37,17.375,17.3621,17.3621,25848
1704390480,2024-01-04T12:48:00.000-05:00,17.37,17.3785,17.3646,17.369,25178
1704390540,2024-01-04T12:49:00.000-05:00,17.3699,17.38,17.36,17.3678,39628
1704390600,2024-01-04T12:50:00.000-05:00,17.365,17.365,17.35,17.36,38242
1704390660,2024-01-04T12:51:00.000-05:00,17.35,17.36,17.35,17.355,8228
1704390720,2024-01-04T12:52:00.000-05:00,17.36,17.36,17.35,17.355,29561
1704390780,2024-01-04T12:53:00.000-05:00,17.36,17.38,17.355,17.375,33248
1704390840,2024-01-04T12:54:00.000-05:00,17.38,17.38,17.36,17.37,52948
1704390900,2024-01-04T12:55:00.000-05:00,17.36,17.365,17.355,17.36,27730
1704390960,2024-01-04T12:56:00.000-05:00,17.355,17.36,17.35,17.35,7818
1704391020,2024-01-04T12:57:00.000-05:00,17.35,17.35,17.335,17.335,45266
1704391080,2024-01-04T12:58:00.000-05:00,17.33,17.35,17.33,17.345,44477
1704391140,2024-01-04T12:59:00.000-05:00,17.34,17.35,17.335,17.3398,23155
1704391200,2024-01-04T13:00:00.000-05:00,17.335,17.34,17.33,17.335,17839
1704391260,2024-01-04T13:01:00.000-05:00,17.33,17.355,17.33,17.355,17639
1704391320,2024-01-04T13:02:00.000-05:00,17.355,17.3681,17.35,17.36,19968
1704391380,2024-01-04T13:03:00.000-05:00,17.36,17.37,17.355,17.3642,35305
1704391440,2024-01-04T13:04:00.000-05:00,17.365,17.38,17.365,17.38,69710
1704391500,2024-01-04T13:05:00.000-05:00,17.37,17.38,17.37,17.37,22752
1704391560,2024-01-04T13:06:00.000-05:00,17.375,17.38,17.365,17.37,62045
1704391620,2024-01-04T13:07:00.000-05:00,17.3636,17.375,17.3625,17.375,47563
1704391680,2024-01-04T13:08:00.000-05:00,17.375,17.3885,17.37,17.375,22992
1704391740,2024-01-04T13:09:00.000-05:00,17.375,17.38,17.37,17.375,23525
1704391800,2024-01-04T13:10:00.000-05:00,17.375,17.375,17.37,17.375,10825
1704391860,2024-01-04T13:11:00.000-05:00,17.38,17.385,17.375,17.38,6722
1704391920,2024-01-04T13:12:00.000-05:00,17.385,17.39,17.37,17.375,20131
1704391980,2024-01-04T13:13:00.000-05:00,17.375,17.385,17.3701,17.375,30161
1704392040,2024-01-04T13:14:00.000-05:00,17.375,17.375,17.37,17.375,2858
1704392100,2024-01-04T13:15:00.000-05:00,17.37,17.38,17.37,17.38,2899
1704392160,2024-01-04T13:16:00.000-05:00,17.375,17.4,17.375,17.395,28530
1704392220,2024-01-04T13:17:00.000-05:00,17.395,17.4,17.395,17.4,6708
1704392280,2024-01-04T13:18:00.000-05:00,17.395,17.4,17.39,17.4,12298
1704392340,2024-01-04T13:19:00.000-05:00,17.395,17.4,17.38,17.38,36675
1704392400,2024-01-04T13:20:00.000-05:00,17.38,17.386,17.38,17.386,5733
1704392460,2024-01-04T13:21:00.000-05:00,17.3899,17.3899,17.38,17.385,5124
1704392520,2024-01-04T13:22:00.000-05:00,17.385,17.385,17.3635,17.376,33538
1704392580,2024-01-04T13:23:00.000-05:00,17.375,17.3797,17.375,17.3797,8451
1704392640,2024-01-04T13:24:00.000-05:00,17.38,17.38,17.375,17.38,6028
1704392700,2024-01-04T13:25:00.000-05:00,17.38,17.38,17.375,17.38,1594
1704392760,2024-01-04T13:26:00.000-05:00,17.3708,17.375,17.35,17.36,63732
1704392820,2024-01-04T13:27:00.000-05:00,17.365,17.37,17.355,17.3615,40329
1704392880,2024-01-04T13:28:00.000-05:00,17.365,17.37,17.36,17.36,15479
1704392940,2024-01-04T13:29:00.000-05:00,17.36,17.36,17.35,17.355,8715
1704393000,2024-01-04T13:30:00.000-05:00,17.35,17.36,17.3415,17.345,19568
1704393060,2024-01-04T13:31:00.000-05:00,17.3401,17.3577,17.3401,17.355,30194
1704393120,2024-01-04T13:32:00.000-05:00,17.35,17.37,17.34,17.36,51477
1704393180,2024-01-04T13:33:00.000-05:00,17.37,17.38,17.367,17.3773,23863
1704393240,2024-01-04T13:34:00.000-05:00,17.375,17.38,17.36,17.37,40558
1704393300,2024-01-04T13:35:00.000-05:00,17.375,17.3799,17.37,17.375,6944
1704393360,2024-01-04T13:36:00.000-05:00,17.375,17.385,17.375,17.38,10852
1704393420,2024-01-04T13:37:00.000-05:00,17.38,17.39,17.37,17.37,13881
1704393480,2024-01-04T13:38:00.000-05:00,17.375,17.38,17.37,17.375,10562
1704393540,2024-01-04T13:39:00.000-05:00,17.375,17.4,17.375,17.4,64171
1704393600,2024-01-04T13:40:00.000-05:00,17.3901,17.4,17.385,17.39,26038
1704393660,2024-01-04T13:41:00.000-05:00,17.385,17.41,17.385,17.395,35267
1704393720,2024-01-04T13:42:00.000-05:00,17.395,17.41,17.395,17.41,24376
1704393780,2024-01-04T13:43:00.000-05:00,17.4,17.4048,17.3896,17.3896,32314
1704393840,2024-01-04T13:44:00.000-05:00,17.39,17.4,17.385,17.385,21587
1704393900,2024-01-04T13:45:00.000-05:00,17.385,17.39,17.38,17.38,8504
1704393960,2024-01-04T13:46:00.000-05:00,17.38,17.4,17.38,17.39,27814
1704394020,2024-01-04T13:47:00.000-05:00,17.39,17.4,17.385,17.4,70709
1704394080,2024-01-04T13:48:00.000-05:00,17.39,17.4,17.385,17.3857,30091
1704394140,2024-01-04T13:49:00.000-05:00,17.39,17.4,17.3857,17.395,33846
1704394200,2024-01-04T13:50:00.000-05:00,17.395,17.4,17.395,17.4,3107
1704394260,2024-01-04T13:51:00.000-05:00,17.395,17.4,17.385,17.3899,20052
1704394320,2024-01-04T13:52:00.000-05:00,17.39,17.4,17.385,17.395,41416
1704394380,2024-01-04T13:53:00.000-05:00,17.395,17.4,17.38,17.395,39195
1704394440,2024-01-04T13:54:00.000-05:00,17.3998,17.3999,17.3884,17.3884,11673
1704394500,2024-01-04T13:55:00.000-05:00,17.385,17.4,17.385,17.39,20118
1704394560,2024-01-04T13:56:00.000-05:00,17.3901,17.3901,17.375,17.385,43070
1704394620,2024-01-04T13:57:00.000-05:00,17.39,17.4098,17.385,17.4,36491
1704394680,2024-01-04T13:58:00.000-05:00,17.4,17.4,17.3903,17.395,8671
1704394740,2024-01-04T13:59:00.000-05:00,17.39,17.4,17.385,17.3989,25575
1704394800,2024-01-04T14:00:00.000-05:00,17.3916,17.4,17.3901,17.395,6747
1704394860,2024-01-04T14:01:00.000-05:00,17.4,17.41,17.395,17.405,18365
1704394920,2024-01-04T14:02:00.000-05:00,17.4,17.41,17.4,17.4055,21647
1704394980,2024-01-04T14:03:00.000-05:00,17.405,17.405,17.39,17.395,20428
1704395040,2024-01-04T14:04:00.000-05:00,17.395,17.4,17.39,17.395,15259
1704395100,2024-01-04T14:05:00.000-05:00,17.4,17.4,17.395,17.395,6170
1704395160,2024-01-04T14:06:00.000-05:00,17.395,17.4,17.39,17.39,7640
1704395220,2024-01-04T14:07:00.000-05:00,17.3998,17.41,17.395,17.4001,25282
1704395280,2024-01-04T14:08:00.000-05:00,17.405,17.41,17.4,17.401,12889
1704395340,2024-01-04T14:09:00.000-05:00,17.41,17.41,17.39,17.3902,39842
1704395400,2024-01-04T14:10:00.000-05:00,17.39,17.39,17.37,17.38,40630
1704395460,2024-01-04T14:11:00.000-05:00,17.3854,17.39,17.38,17.385,36429
1704395520,2024-01-04T14:12:00.000-05:00,17.387,17.395,17.385,17.3901,39131
1704395580,2024-01-04T14:13:00.000-05:00,17.4,17.4,17.39,17.395,4433
1704395640,2024-01-04T14:14:00.000-05:00,17.39,17.4,17.385,17.3942,44047
1704395700,2024-01-04T14:15:00.000-05:00,17.39,17.4,17.38,17.3903,57714
1704395760,2024-01-04T14:16:00.000-05:00,17.39,17.39,17.38,17.385,23112
1704395820,2024-01-04T14:17:00.000-05:00,17.385,17.39,17.375,17.38,49942
1704395880,2024-01-04T14:18:00.000-05:00,17.38,17.395,17.3797,17.3902,26715
1704395940,2024-01-04T14:19:00.000-05:00,17.395,17.4,17.39,17.3901,8520
1704396000,2024-01-04T14:20:00.000-05:00,17.395,17.395,17.38,17.39,47201
1704396060,2024-01-04T14:21:00.000-05:00,17.395,17.4,17.3848,17.39,28725
1704396120,2024-01-04T14:22:00.000-05:00,17.39,17.4,17.3894,17.39,39194
1704396180,2024-01-04T14:23:00.000-05:00,17.385,17.39,17.375,17.375,51505
1704396240,2024-01-04T14:24:00.000-05:00,17.37,17.38,17.37,17.3799,18499
1704396300,2024-01-04T14:25:00.000-05:00,17.3792,17.38,17.37,17.375,18119
1704396360,2024-01-04T14:26:00.000-05:00,17.375,17.38,17.37,17.375,18727
1704396420,2024-01-04T14:27:00.000-05:00,17.375,17.38,17.375,17.38,3356
1704396480,2024-01-04T14:28:00.000-05:00,17.38,17.39,17.38,17.385,13454
1704396540,2024-01-04T14:29:00.000-05:00,17.3878,17.39,17.38,17.3842,6535
1704396600,2024-01-04T14:30:00.000-05:00,17.385,17.39,17.375,17.39,25107
1704396660,2024-01-04T14:31:00.000-05:00,17.385,17.385,17.37,17.38,31415
1704396720,2024-01-04T14:32:00.000-05:00,17.38,17.39,17.38,17.3882,27139
1704396780,2024-01-04T14:33:00.000-05:00,17.38,17.39,17.375,17.375,25070
1704396840,2024-01-04T14:34:00.000-05:00,17.379,17.39,17.375,17.385,42573
1704396900,2024-01-04T14:35:00.000-05:00,17.385,17.4,17.385,17.39,54606
1704396960,2024-01-04T14:36:00.000-05:00,17.39,17.395,17.385,17.39,16495
1704397020,2024-01-04T14:37:00.000-05:00,17.385,17.4,17.385,17.39,27434
1704397080,2024-01-04T14:38:00.000-05:00,17.385,17.4,17.385,17.4,23266
1704397140,2024-01-04T14:39:00.000-05:00,17.4,17.41,17.3934,17.41,56588
1704397200,2024-01-04T14:40:00.000-05:00,17.4001,17.41,17.4,17.4099,48455
1704397260,2024-01-04T14:41:00.000-05:00,17.405,17.41,17.4,17.4,7678
1704397320,2024-01-04T14:42:00.000-05:00,17.4,17.41,17.4,17.405,18064
1704397380,2024-01-04T14:43:00.000-05:00,17.405,17.41,17.4,17.4,33076
1704397440,2024-01-04T14:44:00.000-05:00,17.405,17.41,17.395,17.4,59280
1704397500,2024-01-04T14:45:00.000-05:00,17.4,17.405,17.39,17.395,15878
1704397560,2024-01-04T14:46:00.000-05:00,17.395,17.41,17.395,17.3967,68783
1704397620,2024-01-04T14:47:00.000-05:00,17.395,17.41,17.3948,17.4015,35936
1704397680,2024-01-04T14:48:00.000-05:00,17.41,17.42,17.4,17.41,71190
1704397740,2024-01-04T14:49:00.000-05:00,17.41,17.43,17.405,17.428,88568
1704397800,2024-01-04T14:50:00.000-05:00,17.43,17.45,17.425,17.4401,82722
1704397860,2024-01-04T14:51:00.000-05:00,17.44,17.445,17.43,17.435,48304
1704397920,2024-01-04T14:52:00.000-05:00,17.44,17.45,17.435,17.44,113926
1704397980,2024-01-04T14:53:00.000-05:00,17.4336,17.45,17.4305,17.435,65655
1704398040,2024-01-04T14:54:00.000-05:00,17.4399,17.44,17.43,17.435,26497
1704398100,2024-01-04T14:55:00.000-05:00,17.4354,17.45,17.435,17.45,23800
1704398160,2024-01-04T14:56:00.000-05:00,17.4465,17.45,17.4401,17.4403,27216
1704398220,2024-01-04T14:57:00.000-05:00,17.445,17.46,17.4401,17.455,46017
1704398280,2024-01-04T14:58:00.000-05:00,17.455,17.46,17.45,17.4501,21549
1704398340,2024-01-04T14:59:00.000-05:00,17.455,17.46,17.445,17.4569,109115
1704398400,2024-01-04T15:00:00.000-05:00,17.45,17.46,17.45,17.4502,66666
1704398460,2024-01-04T15:01:00.000-05:00,17.45,17.46,17.45,17.46,28894
1704398520,2024-01-04T15:02:00.000-05:00,17.4502,17.458,17.45,17.455,25425
1704398580,2024-01-04T15:03:00.000-05:00,17.4599,17.46,17.44,17.445,53077
1704398640,2024-01-04T15:04:00.000-05:00,17.445,17.45,17.44,17.4401,19561
1704398700,2024-01-04T15:05:00.000-05:00,17.45,17.46,17.4401,17.455,68825
1704398760,2024-01-04T15:06:00.000-05:00,17.46,17.46,17.45,17.4584,29457
1704398820,2024-01-04T15:07:00.000-05:00,17.46,17.46,17.4501,17.455,11014
1704398880,2024-01-04T15:08:00.000-05:00,17.46,17.46,17.45,17.455,4575
1704398940,2024-01-04T15:09:00.000-05:00,17.46,17.46,17.445,17.45,38928
1704399000,2024-01-04T15:10:00.000-05:00,17.45,17.46,17.4445,17.455,37171
1704399060,2024-01-04T15:11:00.000-05:00,17.45,17.458,17.45,17.4579,22609
1704399120,2024-01-04T15:12:00.000-05:00,17.4501,17.457,17.435,17.445,65950
1704399180,2024-01-04T15:13:00.000-05:00,17.45,17.45,17.445,17.445,11797
1704399240,2024-01-04T15:14:00.000-05:00,17.44,17.45,17.44,17.45,24814
1704399300,2024-01-04T15:15:00.000-05:00,17.44,17.44,17.42,17.425,43380
1704399360,2024-01-04T15:16:00.000-05:00,17.425,17.43,17.41,17.42,69689
1704399420,2024-01-04T15:17:00.000-05:00,17.42,17.43,17.415,17.415,49084
1704399480,2024-01-04T15:18:00.000-05:00,17.415,17.42,17.405,17.41,44990
1704399540,2024-01-04T15:19:00.000-05:00,17.405,17.4281,17.405,17.42,76288
1704399600,2024-01-04T15:20:00.000-05:00,17.425,17.44,17.42,17.44,16779
1704399660,2024-01-04T15:21:00.000-05:00,17.4399,17.4399,17.42,17.43,55742
1704399720,2024-01-04T15:22:00.000-05:00,17.4264,17.44,17.425,17.434,42134
1704399780,2024-01-04T15:23:00.000-05:00,17.43,17.44,17.43,17.4301,5611
1704399840,2024-01-04T15:24:00.000-05:00,17.43,17.43,17.42,17.43,20978
1704399900,2024-01-04T15:25:00.000-05:00,17.425,17.43,17.4236,17.425,36447
1704399960,2024-01-04T15:26:00.000-05:00,17.4203,17.43,17.395,17.3998,93231
1704400020,2024-01-04T15:27:00.000-05:00,17.3916,17.4,17.39,17.395,26223
1704400080,2024-01-04T15:28:00.000-05:00,17.4,17.41,17.395,17.405,78475
1704400140,2024-01-04T15:29:00.000-05:00,17.405,17.415,17.4,17.405,103151
1704400200,2024-01-04T15:30:00.000-05:00,17.405,17.41,17.395,17.4012,149361
1704400260,2024-01-04T15:31:00.000-05:00,17.405,17.4182,17.4,17.415,52571
1704400320,2024-01-04T15:32:00.000-05:00,17.415,17.42,17.41,17.4153,23711
1704400380,2024-01-04T15:33:00.000-05:00,17.41,17.4199,17.4,17.4019,34863
1704400440,2024-01-04T15:34:00.000-05:00,17.405,17.415,17.4,17.4042,200995
1704400500,2024-01-04T15:35:00.000-05:00,17.405,17.4062,17.4,17.4062,27129
1704400560,2024-01-04T15:36:00.000-05:00,17.405,17.405,17.3901,17.4,59142
1704400620,2024-01-04T15:37:00.000-05:00,17.395,17.42,17.395,17.42,114261
1704400680,2024-01-04T15:38:00.000-05:00,17.415,17.42,17.405,17.405,70871
1704400740,2024-01-04T15:39:00.000-05:00,17.405,17.41,17.4,17.4,89162
1704400800,2024-01-04T15:40:00.000-05:00,17.405,17.41,17.395,17.4,62652
1704400860,2024-01-04T15:41:00.000-05:00,17.4,17.41,17.3901,17.4,53038
1704400920,2024-01-04T15:42:00.000-05:00,17.4,17.4,17.39,17.395,35549
1704400980,2024-01-04T15:43:00.000-05:00,17.3999,17.4,17.38,17.385,284148
1704401040,2024-01-04T15:44:00.000-05:00,17.383,17.39,17.38,17.385,25869
1704401100,2024-01-04T15:45:00.000-05:00,17.38,17.385,17.37,17.38,71972
1704401160,2024-01-04T15:46:00.000-05:00,17.3761,17.39,17.37,17.375,127534
1704401220,2024-01-04T15:47:00.000-05:00,17.38,17.39,17.375,17.375,84969
1704401280,2024-01-04T15:48:00.000-05:00,17.375,17.38,17.36,17.365,65503
1704401340,2024-01-04T15:49:00.000-05:00,17.36,17.365,17.35,17.355,77823
1704401400,2024-01-04T15:50:00.000-05:00,17.35,17.36,17.335,17.355,256899
1704401460,2024-01-04T15:51:00.000-05:00,17.35,17.36,17.34,17.34,119840
1704401520,2024-01-04T15:52:00.000-05:00,17.345,17.3499,17.34,17.345,73392
1704401580,2024-01-04T15:53:00.000-05:00,17.34,17.348,17.34,17.34,71500
1704401640,2024-01-04T15:54:00.000-05:00,17.345,17.36,17.34,17.35,149305
1704401700,2024-01-04T15:55:00.000-05:00,17.355,17.36,17.35,17.35,88622
1704401760,2024-01-04T15:56:00.000-05:00,17.36,17.37,17.35,17.37,253818
1704401820,2024-01-04T15:57:00.000-05:00,17.37,17.38,17.36,17.36,210206
1704401880,2024-01-04T15:58:00.000-05:00,17.3649,17.37,17.36,17.365,241934
1704401940,2024-01-04T15:59:00.000-05:00,17.365,17.38,17.34,17.36,1012566
1704402000,2024-01-04T16:00:00.000-05:00,17.36,17.36,17.35,17.35,2443351
1704402120,2024-01-04T16:02:00.000-05:00,17.37,17.37,17.37,17.37,190
1704402180,2024-01-04T16:03:00.000-05:00,17.37,17.37,17.37,17.37,298
1704402300,2024-01-04T16:05:00.000-05:00,17.35,17.35,17.35,17.35,100
1704403560,2024-01-04T16:26:00.000-05:00,17.35,17.35,17.35,17.35,203
1704404580,2024-01-04T16:43:00.000-05:00,17.35,17.35,17.35,17.35,101
1704405600,2024-01-04T17:00:00.000-05:00,17.35,17.35,17.35,17.35,300009
1704405900,2024-01-04T17:05:00.000-05:00,17.3699,17.3699,17.3699,17.3699,125
1704406500,2024-01-04T17:15:00.000-05:00,17.35,17.35,17.35,17.35,617
1704406620,2024-01-04T17:17:00.000-05:00,17.3796,17.3796,17.3796,17.3796,135
1704409200,2024-01-04T18:00:00.000-05:00,17.38,17.38,17.38,17.38,15036
1704409800,2024-01-04T18:10:00.000-05:00,17.4,17.4,17.4,17.4,500
1704409980,2024-01-04T18:13:00.000-05:00,17.38,17.38,17.38,17.38,100
1704410580,2024-01-04T18:23:00.000-05:00,17.38,17.38,17.38,17.38,2000
1704410880,2024-01-04T18:28:00.000-05:00,17.38,17.38,17.37,17.37,1208
1704414720,2024-01-04T19:32:00.000-05:00,17.38,17.38,17.38,17.38,1305
1704414780,2024-01-04T19:33:00.000-05:00,17.41,17.41,17.41,17.41,200
1704415860,2024-01-04T19:51:00.000-05:00,17.42,17.42,17.42,17.42,288
1704416280,2024-01-04T19:58:00.000-05:00,17.41,17.4199,17.41,17.4199,677
1704431580,2024-01-05T00:13:00.000-05:00,17.52,17.52,17.52,17.52,100
1704441000,2024-01-05T02:50:00.000-05:00,17.48,17.48,17.45,17.45,200
1704445200,2024-01-05T04:00:00.000-05:00,17.35,17.35,17.35,17.35,151
1704445260,2024-01-05T04:01:00.000-05:00,17.33,17.33,17.33,17.33,112
1704447060,2024-01-05T04:31:00.000-05:00,17.33,17.33,17.33,17.33,296
1704449160,2024-01-05T05:06:00.000-05:00,17.27,17.27,17.23,17.23,2175
1704449280,2024-01-05T05:08:00.000-05:00,17.22,17.22,17.22,17.22,427
1704450180,2024-01-05T05:23:00.000-05:00,17.19,17.19,17.19,17.19,100
1704451140,2024-01-05T05:39:00.000-05:00,17.21,17.21,17.21,17.21,132
1704452340,2024-01-05T05:59:00.000-05:00,17.24,17.24,17.24,17.24,130
1704453360,2024-01-05T06:16:00.000-05:00,17.23,17.23,17.23,17.23,131
1704453840,2024-01-05T06:24:00.000-05:00,17.23,17.23,17.22,17.23,2370
1704454020,2024-01-05T06:27:00.000-05:00,17.23,17.23,17.23,17.23,419
1704454080,2024-01-05T06:28:00.000-05:00,17.22,17.22,17.2,17.2,1400
1704456000,2024-01-05T07:00:00.000-05:00,17.25,17.2596,17.25,17.2596,534
1704456660,2024-01-05T07:11:00.000-05:00,17.2591,17.2591,17.2591,17.2591,144
1704456840,2024-01-05T07:14:00.000-05:00,17.22,17.22,17.21,17.22,6276
1704458040,2024-01-05T07:34:00.000-05:00,17.25,17.25,17.24,17.24,433
1704458100,2024-01-05T07:35:00.000-05:00,17.24,17.24,17.24,17.24,1100
1704458400,2024-01-05T07:40:00.000-05:00,17.25,17.25,17.25,17.25,2973
1704458520,2024-01-05T07:42:00.000-05:00,17.25,17.25,17.25,17.25,128
1704458580,2024-01-05T07:43:00.000-05:00,17.25,17.25,17.25,17.25,2552
1704459780,2024-01-05T08:03:00.000-05:00,17.28,17.28,17.28,17.28,200
1704460140,2024-01-05T08:09:00.000-05:00,17.28,17.28,17.28,17.28,550
1704460260,2024-01-05T08:11:00.000-05:00,17.27,17.27,17.27,17.27,152
1704461040,2024-01-05T08:24:00.000-05:00,17.2797,17.2797,17.2797,17.2797,264
1704461100,2024-01-05T08:25:00.000-05:00,17.27,17.28,17.27,17.28,836
1704461400,2024-01-05T08:30:00.000-05:00,17.28,17.28,17.2,17.2,9150
1704461460,2024-01-05T08:31:00.000-05:00,17.15,17.15,17.12,17.12,2418
1704461520,2024-01-05T08:32:00.000-05:00,17.17,17.17,17.15,17.15,5350
1704461580,2024-01-05T08:33:00.000-05:00,17.1697,17.17,17.16,17.17,3132
1704461700,2024-01-05T08:35:00.000-05:00,17.2,17.2,17.2,17.2,2100
1704461760,2024-01-05T08:36:00.000-05:00,17.2,17.2,17.11,17.11,20166
1704461820,2024-01-05T08:37:00.000-05:00,17.13,17.13,17.13,17.13,1842
1704461880,2024-01-05T08:38:00.000-05:00,17.11,17.11,17.11,17.11,447
1704461940,2024-01-05T08:39:00.000-05:00,17.12,17.14,17.12,17.14,1985
1704462000,2024-01-05T08:40:00.000-05:00,17.13,17.14,17.13,17.14,7001
1704462060,2024-01-05T08:41:00.000-05:00,17.18,17.18,17.18,17.18,130
1704462240,2024-01-05T08:44:00.000-05:00,17.21,17.22,17.2,17.22,3304
1704462420,2024-01-05T08:47:00.000-05:00,17.17,17.19,17.17,17.19,1396
1704462480,2024-01-05T08:48:00.000-05:00,17.17,17.17,17.17,17.17,938
1704462540,2024-01-05T08:49:00.000-05:00,17.16,17.2,17.16,17.2,2873
1704462600,2024-01-05T08:50:00.000-05:00,17.22,17.22,17.2,17.2,5449
1704462660,2024-01-05T08:51:00.000-05:00,17.2,17.2013,17.2,17.2013,302
1704462720,2024-01-05T08:52:00.000-05:00,17.24,17.25,17.24,17.25,1019
1704462780,2024-01-05T08:53:00.000-05:00,17.25,17.3,17.25,17.3,2715
1704462840,2024-01-05T08:54:00.000-05:00,17.26,17.3,17.25,17.3,800
1704462960,2024-01-05T08:56:00.000-05:00,17.27,17.27,17.26,17.26,714
1704463200,2024-01-05T09:00:00.000-05:00,17.3,17.3,17.29,17.3,4585
1704463260,2024-01-05T09:01:00.000-05:00,17.31,17.32,17.3,17.32,7832
1704463440,2024-01-05T09:04:00.000-05:00,17.32,17.32,17.32,17.32,1067
1704463500,2024-01-05T09:05:00.000-05:00,17.33,17.36,17.33,17.36,4574
1704463560,2024-01-05T09:06:00.000-05:00,17.35,17.35,17.35,17.35,346
1704463680,2024-01-05T09:08:00.000-05:00,17.35,17.35,17.34,17.34,1165
1704463740,2024-01-05T09:09:00.000-05:00,17.33,17.33,17.33,17.33,255
1704463800,2024-01-05T09:10:00.000-05:00,17.32,17.32,17.31,17.32,1100
1704463860,2024-01-05T09:11:00.000-05:00,17.3211,17.37,17.31,17.31,2316
1704463920,2024-01-05T09:12:00.000-05:00,17.35,17.35,17.35,17.35,2411
1704463980,2024-01-05T09:13:00.000-05:00,17.34,17.34,17.34,17.34,3486
1704464040,2024-01-05T09:14:00.000-05:00,17.34,17.34,17.33,17.33,409
1704464100,2024-01-05T09:15:00.000-05:00,17.33,17.34,17.33,17.34,379
1704464160,2024-01-05T09:16:00.000-05:00,17.3406,17.38,17.3406,17.36,1760
1704464220,2024-01-05T09:17:00.000-05:00,17.36,17.38,17.36,17.38,3158
1704464280,2024-01-05T09:18:00.000-05:00,17.39,17.39,17.3542,17.3542,1313
1704464400,2024-01-05T09:20:00.000-05:00,17.38,17.38,17.38,17.38,200
1704464520,2024-01-05T09:22:00.000-05:00,17.39,17.39,17.39,17.39,612
1704464640,2024-01-05T09:24:00.000-05:00,17.4,17.41,17.39,17.39,4322
1704464700,2024-01-05T09:25:00.000-05:00,17.39,17.39,17.39,17.39,102
1704464820,2024-01-05T09:27:00.000-05:00,17.42,17.42,17.42,17.42,270
1704464880,2024-01-05T09:28:00.000-05:00,17.42,17.45,17.42,17.45,1277
1704464940,2024-01-05T09:29:00.000-05:00,17.44,17.45,17.44,17.45,1708
1704465000,2024-01-05T09:30:00.000-05:00,17.44,17.44,17.28,17.33,191860
1704465060,2024-01-05T09:31:00.000-05:00,17.34,17.36,17.275,17.29,88999
1704465120,2024-01-05T09:32:00.000-05:00,17.29,17.34,17.2895,17.315,69979
1704465180,2024-01-05T09:33:00.000-05:00,17.3148,17.33,17.29,17.3,68218
1704465240,2024-01-05T09:34:00.000-05:00,17.29,17.31,17.28,17.31,101042
1704465300,2024-01-05T09:35:00.000-05:00,17.3,17.3,17.265,17.29,128830
1704465360,2024-01-05T09:36:00.000-05:00,17.29,17.33,17.29,17.3201,16679
1704465420,2024-01-05T09:37:00.000-05:00,17.33,17.3503,17.315,17.3503,43971
1704465480,2024-01-05T09:38:00.000-05:00,17.355,17.36,17.34,17.345,10947
1704465540,2024-01-05T09:39:00.000-05:00,17.35,17.35,17.31,17.31,12546
1704465600,2024-01-05T09:40:00.000-05:00,17.3,17.3,17.27,17.29,29016
1704465660,2024-01-05T09:41:00.000-05:00,17.29,17.33,17.2801,17.325,24499
1704465720,2024-01-05T09:42:00.000-05:00,17.325,17.33,17.31,17.3298,23805
1704465780,2024-01-05T09:43:00.000-05:00,17.33,17.35,17.32,17.34,50995
1704465840,2024-01-05T09:44:00.000-05:00,17.33,17.355,17.33,17.34,10797
1704465900,2024-01-05T09:45:00.000-05:00,17.34,17.3701,17.335,17.37,27218
1704465960,2024-01-05T09:46:00.000-05:00,17.365,17.4,17.365,17.4,9476
1704466020,2024-01-05T09:47:00.000-05:00,17.39,17.4,17.385,17.39,17762
1704466080,2024-01-05T09:48:00.000-05:00,17.3803,17.3955,17.37,17.39,33848
1704466140,2024-01-05T09:49:00.000-05:00,17.38,17.4,17.37,17.39,21886
1704466200,2024-01-05T09:50:00.000-05:00,17.385,17.44,17.385,17.43,57743
1704466260,2024-01-05T09:51:00.000-05:00,17.42,17.44,17.41,17.415,127058
1704466320,2024-01-05T09:52:00.000-05:00,17.415,17.42,17.41,17.415,27539
1704466380,2024-01-05T09:53:00.000-05:00,17.4105,17.43,17.41,17.42,55848
1704466440,2024-01-05T09:54:00.000-05:00,17.42,17.43,17.4,17.41,82758
1704466500,2024-01-05T09:55:00.000-05:00,17.42,17.48,17.41,17.48,86552
1704466560,2024-01-05T09:56:00.000-05:00,17.48,17.48,17.465,17.465,28495
1704466620,2024-01-05T09:57:00.000-05:00,17.465,17.4697,17.45,17.455,25821
1704466680,2024-01-05T09:58:00.000-05:00,17.457,17.46,17.45,17.45,43152
1704466740,2024-01-05T09:59:00.000-05:00,17.45,17.47,17.44,17.45,28551
1704466800,2024-01-05T10:00:00.000-05:00,17.45,17.6,17.45,17.53,360574
1704466860,2024-01-05T10:01:00.000-05:00,17.53,17.58,17.53,17.58,110562
1704466920,2024-01-05T10:02:00.000-05:00,17.58,17.61,17.58,17.61,67243
1704466980,2024-01-05T10:03:00.000-05:00,17.605,17.63,17.595,17.62,42252
1704467040,2024-01-05T10:04:00.000-05:00,17.62,17.63,17.59,17.6,41358
1704467100,2024-01-05T10:05:00.000-05:00,17.61,17.6293,17.595,17.62,62436
1704467160,2024-01-05T10:06:00.000-05:00,17.63,17.66,17.63,17.63,68331
1704467220,2024-01-05T10:07:00.000-05:00,17.623,17.7,17.623,17.695,132533
1704467280,2024-01-05T10:08:00.000-05:00,17.7,17.705,17.66,17.66,33232
1704467340,2024-01-05T10:09:00.000-05:00,17.66,17.67,17.62,17.6685,64706
1704467400,2024-01-05T10:10:00.000-05:00,17.67,17.7,17.67,17.685,61359
1704467460,2024-01-05T10:11:00.000-05:00,17.69,17.695,17.66,17.66,28154
1704467520,2024-01-05T10:12:00.000-05:00,17.66,17.7199,17.6594,17.685,62590
1704467580,2024-01-05T10:13:00.000-05:00,17.69,17.7,17.67,17.67,64415
1704467640,2024-01-05T10:14:00.000-05:00,17.68,17.685,17.65,17.65,26038
1704467700,2024-01-05T10:15:00.000-05:00,17.6494,17.66,17.63,17.645,81382
1704467760,2024-01-05T10:16:00.000-05:00,17.65,17.66,17.6336,17.6599,24209
1704467820,2024-01-05T10:17:00.000-05:00,17.66,17.68,17.65,17.65,46348
1704467880,2024-01-05T10:18:00.000-05:00,17.64,17.69,17.64,17.68,60449
1704467940,2024-01-05T10:19:00.000-05:00,17.68,17.685,17.645,17.645,36074
1704468000,2024-01-05T10:20:00.000-05:00,17.65,17.66,17.63,17.645,36306
1704468060,2024-01-05T10:21:00.000-05:00,17.65,17.675,17.65,17.66,37224
1704468120,2024-01-05T10:22:00.000-05:00,17.655,17.68,17.6501,17.6795,35525
1704468180,2024-01-05T10:23:00.000-05:00,17.68,17.71,17.67,17.69,66251
1704468240,2024-01-05T10:24:00.000-05:00,17.7,17.72,17.695,17.72,49471
1704468300,2024-01-05T10:25:00.000-05:00,17.7101,17.72,17.67,17.68,166015
1704468360,2024-01-05T10:26:00.000-05:00,17.677,17.68,17.63,17.631,60519
1704468420,2024-01-05T10:27:00.000-05:00,17.6385,17.6385,17.605,17.61,37176
1704468480,2024-01-05T10:28:00.000-05:00,17.6098,17.61,17.59,17.595,34523
1704468540,2024-01-05T10:29:00.000-05:00,17.59,17.5962,17.57,17.5815,59578
1704468600,2024-01-05T10:30:00.000-05:00,17.59,17.595,17.5606,17.57,20552
1704468660,2024-01-05T10:31:00.000-05:00,17.57,17.5856,17.545,17.545,147642
1704468720,2024-01-05T10:32:00.000-05:00,17.545,17.57,17.545,17.565,96526
1704468780,2024-01-05T10:33:00.000-05:00,17.57,17.57,17.545,17.55,87481
1704468840,2024-01-05T10:34:00.000-05:00,17.55,17.59,17.55,17.5803,38981
1704468900,2024-01-05T10:35:00.000-05:00,17.5848,17.59,17.55,17.57,102828
1704468960,2024-01-05T10:36:00.000-05:00,17.56,17.57,17.55,17.56,92263
1704469020,2024-01-05T10:37:00.000-05:00,17.565,17.57,17.545,17.545,26373
1704469080,2024-01-05T10:38:00.000-05:00,17.55,17.55,17.53,17.549,22993
1704469140,2024-01-05T10:39:00.000-05:00,17.55,17.56,17.52,17.53,201867
1704469200,2024-01-05T10:40:00.000-05:00,17.535,17.545,17.52,17.5303,38762
1704469260,2024-01-05T10:41:00.000-05:00,17.53,17.53,17.52,17.53,28725
1704469320,2024-01-05T10:42:00.000-05:00,17.525,17.55,17.525,17.54,34300
1704469380,2024-01-05T10:43:00.000-05:00,17.54,17.545,17.53,17.54,37861
1704469440,2024-01-05T10:44:00.000-05:00,17.54,17.55,17.535,17.54,42894
1704469500,2024-01-05T10:45:00.000-05:00,17.53,17.54,17.515,17.54,55803
1704469560,2024-01-05T10:46:00.000-05:00,17.5399,17.5399,17.503,17.505,41164
1704469620,2024-01-05T10:47:00.000-05:00,17.505,17.51,17.49,17.493,39354
1704469680,2024-01-05T10:48:00.000-05:00,17.49,17.5,17.4714,17.48,46646
1704469740,2024-01-05T10:49:00.000-05:00,17.48,17.489,17.47,17.4793,37441
1704469800,2024-01-05T10:50:00.000-05:00,17.475,17.49,17.465,17.485,20421
1704469860,2024-01-05T10:51:00.000-05:00,17.48,17.505,17.48,17.5,40437
1704469920,2024-01-05T10:52:00.000-05:00,17.503,17.52,17.5,17.52,20729
1704469980,2024-01-05T10:53:00.000-05:00,17.52,17.53,17.51,17.5199,37273
1704470040,2024-01-05T10:54:00.000-05:00,17.52,17.53,17.52,17.52,19395
1704470100,2024-01-05T10:55:00.000-05:00,17.52,17.535,17.515,17.525,66675
1704470160,2024-01-05T10:56:00.000-05:00,17.53,17.535,17.515,17.53,61111
1704470220,2024-01-05T10:57:00.000-05:00,17.53,17.535,17.52,17.53,26205
1704470280,2024-01-05T10:58:00.000-05:00,17.5287,17.53,17.5,17.5115,33085
1704470340,2024-01-05T10:59:00.000-05:00,17.51,17.51,17.5,17.505,7107
1704470400,2024-01-05T11:00:00.000-05:00,17.5076,17.5076,17.49,17.4903,16016
1704470460,2024-01-05T11:01:00.000-05:00,17.5,17.515,17.495,17.515,18077
1704470520,2024-01-05T11:02:00.000-05:00,17.51,17.53,17.51,17.52,18732
1704470580,2024-01-05T11:03:00.000-05:00,17.52,17.52,17.5,17.5,27002
1704470640,2024-01-05T11:04:00.000-05:00,17.5066,17.5066,17.485,17.485,28120
1704470700,2024-01-05T11:05:00.000-05:00,17.4885,17.5,17.485,17.485,27929
1704470760,2024-01-05T11:06:00.000-05:00,17.48,17.5,17.48,17.4968,18010
1704470820,2024-01-05T11:07:00.000-05:00,17.5,17.5,17.4802,17.5,58125
1704470880,2024-01-05T11:08:00.000-05:00,17.49,17.495,17.4713,17.49,49081
1704470940,2024-01-05T11:09:00.000-05:00,17.485,17.5,17.485,17.491,26390
1704471000,2024-01-05T11:10:00.000-05:00,17.5,17.505,17.49,17.5,21748
1704471060,2024-01-05T11:11:00.000-05:00,17.5,17.52,17.5,17.52,35377
1704471120,2024-01-05T11:12:00.000-05:00,17.515,17.53,17.515,17.525,36980
1704471180,2024-01-05T11:13:00.000-05:00,17.52,17.5299,17.51,17.52,46419
1704471240,2024-01-05T11:14:00.000-05:00,17.515,17.515,17.5,17.505,60679
1704471300,2024-01-05T11:15:00.000-05:00,17.5001,17.51,17.5001,17.505,9525
1704471360,2024-01-05T11:16:00.000-05:00,17.51,17.51,17.4857,17.4857,38434
1704471420,2024-01-05T11:17:00.000-05:00,17.49,17.49,17.47,17.47,54214
1704471480,2024-01-05T11:18:00.000-05:00,17.48,17.49,17.45,17.46,46644
1704471540,2024-01-05T11:19:00.000-05:00,17.45,17.4542,17.43,17.4312,36638
1704471600,2024-01-05T11:20:00.000-05:00,17.43,17.43,17.4,17.4193,19086
1704471660,2024-01-05T11:21:00.000-05:00,17.42,17.44,17.42,17.435,34791
1704471720,2024-01-05T11:22:00.000-05:00,17.435,17.44,17.43,17.43,14821
1704471780,2024-01-05T11:23:00.000-05:00,17.425,17.43,17.405,17.415,24283
1704471840,2024-01-05T11:24:00.000-05:00,17.415,17.44,17.41,17.44,19812
1704471900,2024-01-05T11:25:00.000-05:00,17.44,17.44,17.43,17.43,32169
1704471960,2024-01-05T11:26:00.000-05:00,17.4399,17.44,17.43,17.44,25697
1704472020,2024-01-05T11:27:00.000-05:00,17.435,17.44,17.43,17.435,14334
1704472080,2024-01-05T11:28:00.000-05:00,17.43,17.435,17.415,17.42,29033
1704472140,2024-01-05T11:29:00.000-05:00,17.43,17.43,17.41,17.41,12107
1704472200,2024-01-05T11:30:00.000-05:00,17.42,17.4499,17.42,17.4385,24853
1704472260,2024-01-05T11:31:00.000-05:00,17.435,17.44,17.425,17.43,10436
1704472320,2024-01-05T11:32:00.000-05:00,17.425,17.425,17.41,17.425,14339
1704472380,2024-01-05T11:33:00.000-05:00,17.42,17.4382,17.41,17.435,42353
1704472440,2024-01-05T11:34:00.000-05:00,17.435,17.45,17.43,17.44,38572
1704472500,2024-01-05T11:35:00.000-05:00,17.445,17.445,17.42,17.4273,12623
1704472560,2024-01-05T11:36:00.000-05:00,17.425,17.43,17.425,17.425,6433
1704472620,2024-01-05T11:37:00.000-05:00,17.43,17.43,17.4,17.405,35035
1704472680,2024-01-05T11:38:00.000-05:00,17.405,17.43,17.4026,17.43,52199
1704472740,2024-01-05T11:39:00.000-05:00,17.43,17.43,17.405,17.4198,24878
1704472800,2024-01-05T11:40:00.000-05:00,17.42,17.43,17.41,17.41,23396
1704472860,2024-01-05T11:41:00.000-05:00,17.41,17.42,17.405,17.41,26243
1704472920,2024-01-05T11:42:00.000-05:00,17.41,17.43,17.41,17.4248,29298
1704472980,2024-01-05T11:43:00.000-05:00,17.425,17.43,17.41,17.415,41167
1704473040,2024-01-05T11:44:00.000-05:00,17.41,17.435,17.41,17.415,24336
1704473100,2024-01-05T11:45:00.000-05:00,17.42,17.43,17.415,17.42,8041
1704473160,2024-01-05T11:46:00.000-05:00,17.425,17.425,17.4,17.4,14154
1704473220,2024-01-05T11:47:00.000-05:00,17.41,17.41,17.3785,17.3798,41734
1704473280,2024-01-05T11:48:00.000-05:00,17.38,17.39,17.37,17.38,20877
1704473340,2024-01-05T11:49:00.000-05:00,17.3802,17.3802,17.37,17.375,23371
1704473400,2024-01-05T11:50:00.000-05:00,17.375,17.385,17.365,17.38,37777
1704473460,2024-01-05T11:51:00.000-05:00,17.385,17.385,17.375,17.38,15321
1704473520,2024-01-05T11:52:00.000-05:00,17.38,17.39,17.375,17.39,29991
1704473580,2024-01-05T11:53:00.000-05:00,17.39,17.4,17.385,17.39,64540
1704473640,2024-01-05T11:54:00.000-05:00,17.39,17.39,17.38,17.38,13822
1704473700,2024-01-05T11:55:00.000-05:00,17.38,17.38,17.365,17.375,30709
1704473760,2024-01-05T11:56:00.000-05:00,17.37,17.38,17.355,17.365,35900
1704473820,2024-01-05T11:57:00.000-05:00,17.36,17.37,17.35,17.35,24349
1704473880,2024-01-05T11:58:00.000-05:00,17.35,17.36,17.35,17.35,8201
1704473940,2024-01-05T11:59:00.000-05:00,17.36,17.38,17.3501,17.37,80372
1704474000,2024-01-05T12:00:00.000-05:00,17.38,17.38,17.35,17.3698,74757
1704474060,2024-01-05T12:01:00.000-05:00,17.3652,17.3715,17.35,17.3515,33771
1704474120,2024-01-05T12:02:00.000-05:00,17.35,17.35,17.345,17.35,50830
1704474180,2024-01-05T12:03:00.000-05:00,17.35,17.37,17.35,17.37,21756
1704474240,2024-01-05T12:04:00.000-05:00,17.37,17.37,17.355,17.355,16544
1704474300,2024-01-05T12:05:00.000-05:00,17.355,17.36,17.35,17.35,11415
1704474360,2024-01-05T12:06:00.000-05:00,17.355,17.37,17.35,17.35,20479
1704474420,2024-01-05T12:07:00.000-05:00,17.36,17.36,17.34,17.345,36785
1704474480,2024-01-05T12:08:00.000-05:00,17.3485,17.3485,17.32,17.325,43913
1704474540,2024-01-05T12:09:00.000-05:00,17.3201,17.329,17.3,17.305,52035
1704474600,2024-01-05T12:10:00.000-05:00,17.3,17.33,17.295,17.32,116586
1704474660,2024-01-05T12:11:00.000-05:00,17.32,17.34,17.31,17.3285,42324
1704474720,2024-01-05T12:12:00.000-05:00,17.33,17.35,17.325,17.35,51947
1704474780,2024-01-05T12:13:00.000-05:00,17.35,17.37,17.3401,17.37,38394
1704474840,2024-01-05T12:14:00.000-05:00,17.365,17.3868,17.365,17.37,26129
1704474900,2024-01-05T12:15:00.000-05:00,17.365,17.38,17.36,17.371,26736
1704474960,2024-01-05T12:16:00.000-05:00,17.37,17.39,17.37,17.375,56322
1704475020,2024-01-05T12:17:00.000-05:00,17.3793,17.395,17.3702,17.3915,60551
1704475080,2024-01-05T12:18:00.000-05:00,17.39,17.4,17.385,17.39,22575
1704475140,2024-01-05T12:19:00.000-05:00,17.39,17.4,17.37,17.37,25722
1704475200,2024-01-05T12:20:00.000-05:00,17.3785,17.4,17.3785,17.385,56433
1704475260,2024-01-05T12:21:00.000-05:00,17.385,17.39,17.375,17.385,73509
1704475320,2024-01-05T12:22:00.000-05:00,17.385,17.4,17.38,17.4,26637
1704475380,2024-01-05T12:23:00.000-05:00,17.4,17.4,17.39,17.3995,39860
1704475440,2024-01-05T12:24:00.000-05:00,17.39,17.4,17.37,17.37,29957
1704475500,2024-01-05T12:25:00.000-05:00,17.3799,17.385,17.37,17.3715,49447
1704475560,2024-01-05T12:26:00.000-05:00,17.37,17.375,17.35,17.355,33254
1704475620,2024-01-05T12:27:00.000-05:00,17.36,17.36,17.35,17.3515,22716
1704475680,2024-01-05T12:28:00.000-05:00,17.35,17.35,17.34,17.34,12828
1704475740,2024-01-05T12:29:00.000-05:00,17.34,17.35,17.335,17.3399,21994
1704475800,2024-01-05T12:30:00.000-05:00,17.33,17.36,17.33,17.34,56401
1704475860,2024-01-05T12:31:00.000-05:00,17.33,17.355,17.33,17.35,18624
1704475920,2024-01-05T12:32:00.000-05:00,17.3532,17.355,17.33,17.335,54931
1704475980,2024-01-05T12:33:00.000-05:00,17.335,17.335,17.32,17.33,23480
1704476040,2024-01-05T12:34:00.000-05:00,17.325,17.33,17.315,17.3297,25262
1704476100,2024-01-05T12:35:00.000-05:00,17.33,17.3485,17.33,17.345,41237
1704476160,2024-01-05T12:36:00.000-05:00,17.345,17.365,17.345,17.365,13344
1704476220,2024-01-05T12:37:00.000-05:00,17.36,17.38,17.36,17.37,35860
1704476280,2024-01-05T12:38:00.000-05:00,17.375,17.38,17.37,17.38,19303
1704476340,2024-01-05T12:39:00.000-05:00,17.38,17.39,17.375,17.375,84472
1704476400,2024-01-05T12:40:00.000-05:00,17.38,17.4,17.3798,17.3905,35388
1704476460,2024-01-05T12:41:00.000-05:00,17.395,17.42,17.39,17.415,19866
1704476520,2024-01-05T12:42:00.000-05:00,17.41,17.415,17.4,17.4,29081
1704476580,2024-01-05T12:43:00.000-05:00,17.4001,17.4191,17.4001,17.415,13509
1704476640,2024-01-05T12:44:00.000-05:00,17.415,17.42,17.4001,17.4092,34001
1704476700,2024-01-05T12:45:00.000-05:00,17.41,17.41,17.4,17.405,9123
1704476760,2024-01-05T12:46:00.000-05:00,17.4,17.4,17.38,17.38,28904
1704476820,2024-01-05T12:47:00.000-05:00,17.38,17.38,17.37,17.372,6874
1704476880,2024-01-05T12:48:00.000-05:00,17.375,17.385,17.37,17.375,17788
1704476940,2024-01-05T12:49:00.000-05:00,17.37,17.3842,17.37,17.3842,18938
1704477000,2024-01-05T12:50:00.000-05:00,17.38,17.38,17.367,17.37,37020
1704477060,2024-01-05T12:51:00.000-05:00,17.38,17.4,17.3788,17.4,25269
1704477120,2024-01-05T12:52:00.000-05:00,17.3973,17.4,17.39,17.395,9256
1704477180,2024-01-05T12:53:00.000-05:00,17.3999,17.41,17.395,17.41,29150
1704477240,2024-01-05T12:54:00.000-05:00,17.41,17.415,17.395,17.3981,36506
1704477300,2024-01-05T12:55:00.000-05:00,17.4,17.4,17.385,17.395,30223
1704477360,2024-01-05T12:56:00.000-05:00,17.4,17.4,17.395,17.4,10534
1704477420,2024-01-05T12:57:00.000-05:00,17.395,17.41,17.395,17.405,19356
1704477480,2024-01-05T12:58:00.000-05:00,17.405,17.42,17.4,17.4001,42253
1704477540,2024-01-05T12:59:00.000-05:00,17.405,17.405,17.385,17.389,22309
1704477600,2024-01-05T13:00:00.000-05:00,17.385,17.385,17.375,17.385,30518
1704477660,2024-01-05T13:01:00.000-05:00,17.38,17.4,17.38,17.3905,28631
1704477720,2024-01-05T13:02:00.000-05:00,17.39,17.4,17.375,17.38,24163
1704477780,2024-01-05T13:03:00.000-05:00,17.37,17.38,17.36,17.3697,46607
1704477840,2024-01-05T13:04:00.000-05:00,17.3698,17.3856,17.365,17.3856,17581
1704477900,2024-01-05T13:05:00.000-05:00,17.38,17.395,17.38,17.385,43419
1704477960,2024-01-05T13:06:00.000-05:00,17.39,17.39,17.3701,17.383,41650
1704478020,2024-01-05T13:07:00.000-05:00,17.38,17.39,17.375,17.385,22403
1704478080,2024-01-05T13:08:00.000-05:00,17.38,17.39,17.38,17.385,6626
1704478140,2024-01-05T13:09:00.000-05:00,17.385,17.3886,17.385,17.3886,3430
1704478200,2024-01-05T13:10:00.000-05:00,17.385,17.4,17.38,17.38,25129
1704478260,2024-01-05T13:11:00.000-05:00,17.3724,17.375,17.365,17.375,50515
1704478320,2024-01-05T13:12:00.000-05:00,17.375,17.39,17.375,17.385,19299
1704478380,2024-01-05T13:13:00.000-05:00,17.38,17.39,17.38,17.39,7107
1704478440,2024-01-05T13:14:00.000-05:00,17.39,17.39,17.365,17.365,30175
1704478500,2024-01-05T13:15:00.000-05:00,17.37,17.376,17.36,17.365,15830
1704478560,2024-01-05T13:16:00.000-05:00,17.365,17.365,17.35,17.36,57136
1704478620,2024-01-05T13:17:00.000-05:00,17.355,17.37,17.355,17.369,21006
1704478680,2024-01-05T13:18:00.000-05:00,17.3698,17.38,17.36,17.38,28924
1704478740,2024-01-05T13:19:00.000-05:00,17.38,17.39,17.375,17.385,62242
1704478800,2024-01-05T13:20:00.000-05:00,17.3883,17.3955,17.385,17.395,23309
1704478860,2024-01-05T13:21:00.000-05:00,17.39,17.395,17.39,17.39,10195
1704478920,2024-01-05T13:22:00.000-05:00,17.385,17.3863,17.38,17.385,13090
1704478980,2024-01-05T13:23:00.000-05:00,17.38,17.385,17.3705,17.385,12439
1704479040,2024-01-05T13:24:00.000-05:00,17.385,17.4,17.385,17.395,36479
1704479100,2024-01-05T13:25:00.000-05:00,17.4,17.4142,17.395,17.4142,35959
1704479160,2024-01-05T13:26:00.000-05:00,17.4144,17.42,17.405,17.405,30253
1704479220,2024-01-05T13:27:00.000-05:00,17.4057,17.41,17.4,17.405,28193
1704479280,2024-01-05T13:28:00.000-05:00,17.405,17.43,17.405,17.415,57749
1704479340,2024-01-05T13:29:00.000-05:00,17.41,17.42,17.41,17.415,8256
1704479400,2024-01-05T13:30:00.000-05:00,17.415,17.44,17.415,17.44,46104
1704479460,2024-01-05T13:31:00.000-05:00,17.44,17.45,17.44,17.445,43877
1704479520,2024-01-05T13:32:00.000-05:00,17.445,17.45,17.435,17.4385,30977
1704479580,2024-01-05T13:33:00.000-05:00,17.43,17.435,17.42,17.435,17874
1704479640,2024-01-05T13:34:00.000-05:00,17.4302,17.4399,17.4302,17.4399,2294
1704479700,2024-01-05T13:35:00.000-05:00,17.435,17.45,17.435,17.44,41068
1704479760,2024-01-05T13:36:00.000-05:00,17.445,17.45,17.44,17.45,8310
1704479820,2024-01-05T13:37:00.000-05:00,17.4498,17.46,17.44,17.45,34080
1704479880,2024-01-05T13:38:00.000-05:00,17.45,17.46,17.4401,17.455,57509
1704479940,2024-01-05T13:39:00.000-05:00,17.455,17.4699,17.455,17.4699,66072
1704480000,2024-01-05T13:40:00.000-05:00,17.47,17.47,17.46,17.465,30989
1704480060,2024-01-05T13:41:00.000-05:00,17.465,17.47,17.46,17.4699,29659
1704480120,2024-01-05T13:42:00.000-05:00,17.46,17.47,17.46,17.46,16197
1704480180,2024-01-05T13:43:00.000-05:00,17.465,17.48,17.465,17.475,27428
1704480240,2024-01-05T13:44:00.000-05:00,17.47,17.47,17.445,17.4499,45886
1704480300,2024-01-05T13:45:00.000-05:00,17.445,17.47,17.445,17.47,48288
1704480360,2024-01-05T13:46:00.000-05:00,17.469,17.47,17.46,17.47,2723
1704480420,2024-01-05T13:47:00.000-05:00,17.4697,17.48,17.4666,17.48,12886
1704480480,2024-01-05T13:48:00.000-05:00,17.47,17.48,17.465,17.465,49355
1704480540,2024-01-05T13:49:00.000-05:00,17.465,17.47,17.455,17.46,23583
1704480600,2024-01-05T13:50:00.000-05:00,17.465,17.4689,17.46,17.465,15359
1704480660,2024-01-05T13:51:00.000-05:00,17.465,17.48,17.465,17.475,14994
1704480720,2024-01-05T13:52:00.000-05:00,17.475,17.475,17.455,17.465,82048
1704480780,2024-01-05T13:53:00.000-05:00,17.47,17.48,17.46,17.46,24994
1704480840,2024-01-05T13:54:00.000-05:00,17.46,17.47,17.455,17.4636,30981
1704480900,2024-01-05T13:55:00.000-05:00,17.465,17.51,17.465,17.505,115247
1704480960,2024-01-05T13:56:00.000-05:00,17.5084,17.51,17.49,17.495,55327
1704481020,2024-01-05T13:57:00.000-05:00,17.4985,17.51,17.49,17.505,55570
1704481080,2024-01-05T13:58:00.000-05:00,17.5,17.505,17.495,17.4984,58006
1704481140,2024-01-05T13:59:00.000-05:00,17.5,17.51,17.495,17.505,23573
1704481200,2024-01-05T14:00:00.000-05:00,17.505,17.52,17.504,17.5162,29859
1704481260,2024-01-05T14:01:00.000-05:00,17.51,17.52,17.51,17.515,16640
1704481320,2024-01-05T14:02:00.000-05:00,17.515,17.515,17.49,17.49,16806
1704481380,2024-01-05T14:03:00.000-05:00,17.4986,17.4999,17.49,17.495,7792
1704481440,2024-01-05T14:04:00.000-05:00,17.5,17.51,17.5,17.51,18381
1704481500,2024-01-05T14:05:00.000-05:00,17.5,17.51,17.495,17.5097,29530
1704481560,2024-01-05T14:06:00.000-05:00,17.505,17.52,17.505,17.51,36263
1704481620,2024-01-05T14:07:00.000-05:00,17.515,17.52,17.51,17.51,20151
1704481680,2024-01-05T14:08:00.000-05:00,17.52,17.52,17.51,17.52,14740
1704481740,2024-01-05T14:09:00.000-05:00,17.515,17.53,17.515,17.52,45802
1704481800,2024-01-05T14:10:00.000-05:00,17.5188,17.5399,17.5188,17.535,16430
1704481860,2024-01-05T14:11:00.000-05:00,17.53,17.54,17.52,17.52,43733
1704481920,2024-01-05T14:12:00.000-05:00,17.525,17.53,17.52,17.53,5521
1704481980,2024-01-05T14:13:00.000-05:00,17.53,17.53,17.515,17.515,22136
1704482040,2024-01-05T14:14:00.000-05:00,17.51,17.52,17.51,17.515,8336
1704482100,2024-01-05T14:15:00.000-05:00,17.515,17.515,17.49,17.5056,20503
1704482160,2024-01-05T14:16:00.000-05:00,17.5,17.51,17.495,17.5,42232
1704482220,2024-01-05T14:17:00.000-05:00,17.495,17.5,17.485,17.485,25447
1704482280,2024-01-05T14:18:00.000-05:00,17.485,17.49,17.48,17.4899,21645
1704482340,2024-01-05T14:19:00.000-05:00,17.485,17.49,17.485,17.485,10640
1704482400,2024-01-05T14:20:00.000-05:00,17.49,17.5,17.485,17.495,21662
1704482460,2024-01-05T14:21:00.000-05:00,17.5,17.51,17.49,17.51,26201
1704482520,2024-01-05T14:22:00.000-05:00,17.5,17.505,17.485,17.5,66131
1704482580,2024-01-05T14:23:00.000-05:00,17.495,17.5,17.49,17.495,14849
1704482640,2024-01-05T14:24:00.000-05:00,17.49,17.495,17.4811,17.485,35954
1704482700,2024-01-05T14:25:00.000-05:00,17.49,17.5,17.49,17.495,32035
1704482760,2024-01-05T14:26:00.000-05:00,17.495,17.5,17.49,17.495,12883
1704482820,2024-01-05T14:27:00.000-05:00,17.5,17.5,17.485,17.495,34440
1704482880,2024-01-05T14:28:00.000-05:00,17.4999,17.5,17.485,17.485,11573
1704482940,2024-01-05T14:29:00.000-05:00,17.485,17.49,17.4815,17.485,14131
1704483000,2024-01-05T14:30:00.000-05:00,17.485,17.5,17.485,17.4916,17491
1704483060,2024-01-05T14:31:00.000-05:00,17.5,17.5,17.495,17.495,7342
1704483120,2024-01-05T14:32:00.000-05:00,17.495,17.4999,17.48,17.49,13679
1704483180,2024-01-05T14:33:00.000-05:00,17.485,17.49,17.485,17.485,10597
1704483240,2024-01-05T14:34:00.000-05:00,17.49,17.49,17.48,17.49,13292
1704483300,2024-01-05T14:35:00.000-05:00,17.49,17.51,17.49,17.5,46056
1704483360,2024-01-05T14:36:00.000-05:00,17.5,17.5,17.495,17.4999,16529
1704483420,2024-01-05T14:37:00.000-05:00,17.495,17.5,17.49,17.495,33437
1704483480,2024-01-05T14:38:00.000-05:00,17.495,17.495,17.49,17.495,6992
1704483540,2024-01-05T14:39:00.000-05:00,17.5,17.5,17.495,17.495,2034
1704483600,2024-01-05T14:40:00.000-05:00,17.5,17.5,17.47,17.4762,38407
1704483660,2024-01-05T14:41:00.000-05:00,17.48,17.488,17.47,17.4783,48568
1704483720,2024-01-05T14:42:00.000-05:00,17.4799,17.485,17.4792,17.485,24559
1704483780,2024-01-05T14:43:00.000-05:00,17.48,17.49,17.48,17.49,11272
1704483840,2024-01-05T14:44:00.000-05:00,17.485,17.49,17.4801,17.485,12244
1704483900,2024-01-05T14:45:00.000-05:00,17.49,17.49,17.465,17.465,39928
1704483960,2024-01-05T14:46:00.000-05:00,17.46,17.46,17.45,17.455,17563
1704484020,2024-01-05T14:47:00.000-05:00,17.4538,17.465,17.45,17.465,16701
1704484080,2024-01-05T14:48:00.000-05:00,17.4601,17.47,17.455,17.455,28980
1704484140,2024-01-05T14:49:00.000-05:00,17.46,17.46,17.4402,17.45,17357
1704484200,2024-01-05T14:50:00.000-05:00,17.45,17.46,17.44,17.445,57142
1704484260,2024-01-05T14:51:00.000-05:00,17.44,17.44,17.42,17.4298,36525
1704484320,2024-01-05T14:52:00.000-05:00,17.4287,17.44,17.425,17.435,30414
1704484380,2024-01-05T14:53:00.000-05:00,17.44,17.45,17.435,17.44,16998
1704484440,2024-01-05T14:54:00.000-05:00,17.445,17.45,17.435,17.435,21297
1704484500,2024-01-05T14:55:00.000-05:00,17.435,17.45,17.42,17.43,103049
1704484560,2024-01-05T14:56:00.000-05:00,17.43,17.445,17.43,17.445,39189
1704484620,2024-01-05T14:57:00.000-05:00,17.4444,17.45,17.44,17.445,13191
1704484680,2024-01-05T14:58:00.000-05:00,17.44,17.45,17.44,17.445,7258
1704484740,2024-01-05T14:59:00.000-05:00,17.4462,17.45,17.44,17.45,8850
1704484800,2024-01-05T15:00:00.000-05:00,17.44,17.45,17.43,17.445,38015
1704484860,2024-01-05T15:01:00.000-05:00,17.45,17.45,17.44,17.445,11216
1704484920,2024-01-05T15:02:00.000-05:00,17.445,17.46,17.445,17.4542,57833
1704484980,2024-01-05T15:03:00.000-05:00,17.455,17.455,17.4401,17.445,16143
1704485040,2024-01-05T15:04:00.000-05:00,17.4448,17.449,17.44,17.4481,14287
1704485100,2024-01-05T15:05:00.000-05:00,17.445,17.45,17.44,17.45,41790
1704485160,2024-01-05T15:06:00.000-05:00,17.4497,17.46,17.445,17.455,40692
1704485220,2024-01-05T15:07:00.000-05:00,17.455,17.455,17.45,17.45,32436
1704485280,2024-01-05T15:08:00.000-05:00,17.44,17.455,17.44,17.445,57017
1704485340,2024-01-05T15:09:00.000-05:00,17.445,17.45,17.44,17.445,21282
1704485400,2024-01-05T15:10:00.000-05:00,17.445,17.45,17.44,17.445,36320
1704485460,2024-01-05T15:11:00.000-05:00,17.445,17.46,17.445,17.46,28011
1704485520,2024-01-05T15:12:00.000-05:00,17.455,17.46,17.45,17.455,64042
1704485580,2024-01-05T15:13:00.000-05:00,17.46,17.47,17.455,17.465,29914
1704485640,2024-01-05T15:14:00.000-05:00,17.47,17.48,17.4601,17.4732,54583
1704485700,2024-01-05T15:15:00.000-05:00,17.47,17.47,17.445,17.455,114267
1704485760,2024-01-05T15:16:00.000-05:00,17.46,17.468,17.455,17.46,39251
1704485820,2024-01-05T15:17:00.000-05:00,17.46,17.465,17.455,17.455,29702
1704485880,2024-01-05T15:18:00.000-05:00,17.455,17.4582,17.45,17.455,13364
1704485940,2024-01-05T15:19:00.000-05:00,17.455,17.47,17.45,17.465,29555
1704486000,2024-01-05T15:20:00.000-05:00,17.465,17.48,17.46,17.48,37187
1704486060,2024-01-05T15:21:00.000-05:00,17.48,17.485,17.47,17.475,45439
1704486120,2024-01-05T15:22:00.000-05:00,17.475,17.48,17.475,17.475,9930
1704486180,2024-01-05T15:23:00.000-05:00,17.475,17.485,17.4701,17.485,30595
1704486240,2024-01-05T15:24:00.000-05:00,17.4802,17.49,17.48,17.49,51515
1704486300,2024-01-05T15:25:00.000-05:00,17.485,17.49,17.475,17.475,38587
1704486360,2024-01-05T15:26:00.000-05:00,17.47,17.47,17.4615,17.4615,39429
1704486420,2024-01-05T15:27:00.000-05:00,17.465,17.47,17.46,17.4609,16006
1704486480,2024-01-05T15:28:00.000-05:00,17.461,17.47,17.45,17.455,66210
1704486540,2024-01-05T15:29:00.000-05:00,17.455,17.47,17.4525,17.465,46172
1704486600,2024-01-05T15:30:00.000-05:00,17.47,17.48,17.46,17.465,56020
1704486660,2024-01-05T15:31:00.000-05:00,17.465,17.49,17.465,17.478,84768
1704486720,2024-01-05T15:32:00.000-05:00,17.475,17.49,17.47,17.48,110377
1704486780,2024-01-05T15:33:00.000-05:00,17.475,17.49,17.4748,17.485,62788
1704486840,2024-01-05T15:34:00.000-05:00,17.485,17.4999,17.485,17.495,41819
1704486900,2024-01-05T15:35:00.000-05:00,17.495,17.5,17.485,17.485,88911
1704486960,2024-01-05T15:36:00.000-05:00,17.485,17.49,17.485,17.485,19606
1704487020,2024-01-05T15:37:00.000-05:00,17.485,17.49,17.485,17.49,17558
1704487080,2024-01-05T15:38:00.000-05:00,17.485,17.5,17.485,17.5,57954
1704487140,2024-01-05T15:39:00.000-05:00,17.495,17.5,17.48,17.488,78294
1704487200,2024-01-05T15:40:00.000-05:00,17.485,17.49,17.48,17.4899,18339
1704487260,2024-01-05T15:41:00.000-05:00,17.485,17.5,17.485,17.495,60720
1704487320,2024-01-05T15:42:00.000-05:00,17.4977,17.51,17.49,17.495,113846
1704487380,2024-01-05T15:43:00.000-05:00,17.495,17.5,17.49,17.495,23929
1704487440,2024-01-05T15:44:00.000-05:00,17.495,17.5,17.485,17.495,68953
1704487500,2024-01-05T15:45:00.000-05:00,17.5,17.5,17.49,17.5,57778
1704487560,2024-01-05T15:46:00.000-05:00,17.4961,17.505,17.49,17.505,77080
1704487620,2024-01-05T15:47:00.000-05:00,17.505,17.51,17.5,17.505,40549
1704487680,2024-01-05T15:48:00.000-05:00,17.505,17.51,17.49,17.495,76482
1704487740,2024-01-05T15:49:00.000-05:00,17.495,17.52,17.49,17.52,107676
1704487800,2024-01-05T15:50:00.000-05:00,17.515,17.5184,17.5,17.51,93843
1704487860,2024-01-05T15:51:00.000-05:00,17.505,17.505,17.49,17.5,74102
1704487920,2024-01-05T15:52:00.000-05:00,17.5,17.51,17.495,17.505,59241
1704487980,2024-01-05T15:53:00.000-05:00,17.505,17.51,17.49,17.495,88712
1704488040,2024-01-05T15:54:00.000-05:00,17.495,17.51,17.49,17.505,88866
1704488100,2024-01-05T15:55:00.000-05:00,17.51,17.51,17.5,17.505,78398
1704488160,2024-01-05T15:56:00.000-05:00,17.505,17.51,17.5,17.505,48142
1704488220,2024-01-05T15:57:00.000-05:00,17.51,17.51,17.49,17.4919,132834
1704488280,2024-01-05T15:58:00.000-05:00,17.495,17.5,17.49,17.495,163951
1704488340,2024-01-05T15:59:00.000-05:00,17.495,17.5,17.485,17.49,212133
1704488400,2024-01-05T16:00:00.000-05:00,17.49,17.49,17.49,17.49,490850
1704488640,2024-01-05T16:04:00.000-05:00,17.5,17.5,17.5,17.5,1135
1704489060,2024-01-05T16:11:00.000-05:00,17.48,17.48,17.48,17.48,300
1704489360,2024-01-05T16:16:00.000-05:00,17.49,17.49,17.49,17.49,160
1704489660,2024-01-05T16:21:00.000-05:00,17.46,17.46,17.46,17.46,207
1704489960,2024-01-05T16:26:00.000-05:00,17.49,17.49,17.49,17.49,100
1704490920,2024-01-05T16:42:00.000-05:00,17.47,17.47,17.47,17.47,301
1704491280,2024-01-05T16:48:00.000-05:00,17.48,17.48,17.47,17.47,1001
1704492060,2024-01-05T17:01:00.000-05:00,17.4601,17.4601,17.4601,17.4601,1425
1704492360,2024-01-05T17:06:00.000-05:00,17.48,17.48,17.48,17.48,350
1704492720,2024-01-05T17:12:00.000-05:00,17.46,17.46,17.46,17.46,300
1704493800,2024-01-05T17:30:00.000-05:00,17.5,17.5,17.5,17.5,250
1704496140,2024-01-05T18:09:00.000-05:00,17.4449,17.4449,17.4449,17.4449,850
1704497400,2024-01-05T18:30:00.000-05:00,17.43,17.43,17.43,17.43,500
1704498000,2024-01-05T18:40:00.000-05:00,17.5,17.5,17.5,17.5,312
1704498180,2024-01-05T18:43:00.000-05:00,17.5,17.5,17.5,17.5,142
1704498360,2024-01-05T18:46:00.000-05:00,17.47,17.47,17.47,17.47,131
1704499080,2024-01-05T18:58:00.000-05:00,17.5,17.5,17.5,17.5,160
1704501420,2024-01-05T19:37:00.000-05:00,17.49,17.49,17.49,17.49,902
1704501480,2024-01-05T19:38:00.000-05:00,17.49,17.49,17.49,17.49,402
1704501540,2024-01-05T19:39:00.000-05:00,17.4899,17.4899,17.4899,17.4899,500
1704501600,2024-01-05T19:40:00.000-05:00,17.49,17.49,17.49,17.49,400
1704501660,2024-01-05T19:41:00.000-05:00,17.49,17.49,17.49,17.49,124
1704501720,2024-01-05T19:42:00.000-05:00,17.49,17.49,17.49,17.49,100
1704502320,2024-01-05T19:52:00.000-05:00,17.48,17.48,17.48,17.48,100
1704502380,2024-01-05T19:53:00.000-05:00,17.48,17.48,17.48,17.48,100
1704502500,2024-01-05T19:55:00.000-05:00,17.48,17.48,17.48,17.48,734
1704697740,2024-01-08T02:09:00.000-05:00,17.37,17.37,17.37,17.37,1132
1704702900,2024-01-08T03:35:00.000-05:00,17.3,17.3,17.3,17.3,300
1704704460,2024-01-08T04:01:00.000-05:00,17.38,17.38,17.38,17.38,100
1704708420,2024-01-08T05:07:00.000-05:00,17.35,17.38,17.35,17.38,13528
1704709920,2024-01-08T05:32:00.000-05:00,17.4,17.4,17.38,17.38,1253
1704709980,2024-01-08T05:33:00.000-05:00,17.38,17.38,17.38,17.38,1950
1704711300,2024-01-08T05:55:00.000-05:00,17.39,17.42,17.39,17.41,3105
1704711480,2024-01-08T05:58:00.000-05:00,17.38,17.44,17.38,17.44,1100
1704711960,2024-01-08T06:06:00.000-05:00,17.39,17.39,17.39,17.39,110
1704712680,2024-01-08T06:18:00.000-05:00,17.36,17.36,17.33,17.33,5736
1704712740,2024-01-08T06:19:00.000-05:00,17.3,17.3,17.28,17.28,2405
1704713760,2024-01-08T06:36:00.000-05:00,17.3,17.3,17.3,17.3,100
1704714060,2024-01-08T06:41:00.000-05:00,17.3,17.3,17.29,17.29,622
1704714420,2024-01-08T06:47:00.000-05:00,17.3,17.3,17.26,17.28,5000
1704714480,2024-01-08T06:48:00.000-05:00,17.31,17.32,17.29,17.32,1995
1704715200,2024-01-08T07:00:00.000-05:00,17.34,17.34,17.34,17.34,3937
1704715500,2024-01-08T07:05:00.000-05:00,17.31,17.33,17.29,17.31,5167
1704715560,2024-01-08T07:06:00.000-05:00,17.29,17.29,17.29,17.29,225
1704715680,2024-01-08T07:08:00.000-05:00,17.28,17.28,17.28,17.28,100
1704716280,2024-01-08T07:18:00.000-05:00,17.28,17.28,17.28,17.28,134
1704716580,2024-01-08T07:23:00.000-05:00,17.28,17.28,17.28,17.28,292
1704717240,2024-01-08T07:34:00.000-05:00,17.29,17.29,17.28,17.29,1635
1704717360,2024-01-08T07:36:00.000-05:00,17.29,17.29,17.29,17.29,408
1704717900,2024-01-08T07:45:00.000-05:00,17.3,17.3,17.3,17.3,240
1704718200,2024-01-08T07:50:00.000-05:00,17.31,17.31,17.31,17.31,210
1704718260,2024-01-08T07:51:00.000-05:00,17.32,17.32,17.3199,17.3199,644
1704718320,2024-01-08T07:52:00.000-05:00,17.32,17.32,17.32,17.32,2275
1704718380,2024-01-08T07:53:00.000-05:00,17.32,17.32,17.31,17.31,6098
1704718440,2024-01-08T07:54:00.000-05:00,17.31,17.32,17.31,17.32,303
1704718620,2024-01-08T07:57:00.000-05:00,17.33,17.33,17.33,17.33,302
1704718680,2024-01-08T07:58:00.000-05:00,17.34,17.34,17.34,17.34,597
1704718800,2024-01-08T08:00:00.000-05:00,17.35,17.35,17.35,17.35,750
1704718860,2024-01-08T08:01:00.000-05:00,17.3408,17.3408,17.34,17.34,2231
1704719340,2024-01-08T08:09:00.000-05:00,17.31,17.31,17.31,17.31,1800
1704719520,2024-01-08T08:12:00.000-05:00,17.31,17.31,17.31,17.31,200
1704719580,2024-01-08T08:13:00.000-05:00,17.31,17.31,17.31,17.31,969
1704719640,2024-01-08T08:14:00.000-05:00,17.32,17.32,17.32,17.32,275
1704719700,2024-01-08T08:15:00.000-05:00,17.32,17.32,17.32,17.32,1204
1704719880,2024-01-08T08:18:00.000-05:00,17.31,17.31,17.31,17.31,100
1704719940,2024-01-08T08:19:00.000-05:00,17.33,17.33,17.33,17.33,1300
1704720000,2024-01-08T08:20:00.000-05:00,17.34,17.34,17.34,17.34,1000
1704720180,2024-01-08T08:23:00.000-05:00,17.31,17.31,17.31,17.31,800
1704720240,2024-01-08T08:24:00.000-05:00,17.32,17.32,17.32,17.32,350
1704720600,2024-01-08T08:30:00.000-05:00,17.34,17.36,17.34,17.36,4652
1704720660,2024-01-08T08:31:00.000-05:00,17.33,17.43,17.33,17.4,13688
1704720720,2024-01-08T08:32:00.000-05:00,17.4,17.43,17.4,17.43,4329
1704720780,2024-01-08T08:33:00.000-05:00,17.33,17.33,17.33,17.33,400
1704720840,2024-01-08T08:34:00.000-05:00,17.38,17.39,17.38,17.38,2096
1704720900,2024-01-08T08:35:00.000-05:00,17.4,17.42,17.4,17.42,7015
1704720960,2024-01-08T08:36:00.000-05:00,17.42,17.42,17.39,17.39,4831
1704721020,2024-01-08T08:37:00.000-05:00,17.4,17.42,17.4,17.4,9312
1704721080,2024-01-08T08:38:00.000-05:00,17.38,17.38,17.36,17.36,1348
1704721140,2024-01-08T08:39:00.000-05:00,17.35,17.35,17.34,17.34,3300
1704721740,2024-01-08T08:49:00.000-05:00,17.39,17.39,17.38,17.39,2913
1704721920,2024-01-08T08:52:00.000-05:00,17.34,17.34,17.34,17.34,2985
1704721980,2024-01-08T08:53:00.000-05:00,17.33,17.33,17.33,17.33,332
1704722340,2024-01-08T08:59:00.000-05:00,17.32,17.32,17.32,17.32,276
1704722400,2024-01-08T09:00:00.000-05:00,17.34,17.34,17.34,17.34,528
1704722460,2024-01-08T09:01:00.000-05:00,17.3395,17.3395,17.3395,17.3395,3000
1704722640,2024-01-08T09:04:00.000-05:00,17.31,17.35,17.31,17.35,6516
1704722820,2024-01-08T09:07:00.000-05:00,17.34,17.34,17.34,17.34,388
1704723000,2024-01-08T09:10:00.000-05:00,17.3481,17.3481,17.3481,17.3481,121
1704723180,2024-01-08T09:13:00.000-05:00,17.33,17.34,17.33,17.33,307
1704723300,2024-01-08T09:15:00.000-05:00,17.35,17.35,17.35,17.35,211
1704723360,2024-01-08T09:16:00.000-05:00,17.33,17.33,17.33,17.33,500
1704723420,2024-01-08T09:17:00.000-05:00,17.35,17.4,17.35,17.36,2383
1704723480,2024-01-08T09:18:00.000-05:00,17.36,17.36,17.35,17.35,1315
1704723660,2024-01-08T09:21:00.000-05:00,17.311,17.32,17.31,17.31,1342
1704723720,2024-01-08T09:22:00.000-05:00,17.31,17.31,17.3,17.3,1530
1704723840,2024-01-08T09:24:00.000-05:00,17.3,17.35,17.3,17.35,1426
1704723960,2024-01-08T09:26:00.000-05:00,17.3,17.3,17.3,17.3,572
1704724140,2024-01-08T09:29:00.000-05:00,17.35,17.39,17.35,17.39,7542
1704724200,2024-01-08T09:30:00.000-05:00,17.39,17.41,17.31,17.34,480892
1704724260,2024-01-08T09:31:00.000-05:00,17.34,17.41,17.3348,17.35,134831
1704724320,2024-01-08T09:32:00.000-05:00,17.36,17.42,17.33,17.4,95204
1704724380,2024-01-08T09:33:00.000-05:00,17.4,17.47,17.395,17.46,77681
1704724440,2024-01-08T09:34:00.000-05:00,17.45,17.511,17.43,17.51,76416
1704724500,2024-01-08T09:35:00.000-05:00,17.53,17.56,17.52,17.5353,100007
1704724560,2024-01-08T09:36:00.000-05:00,17.5399,17.56,17.53,17.55,86032
1704724620,2024-01-08T09:37:00.000-05:00,17.54,17.55,17.52,17.54,138319
1704724680,2024-01-08T09:38:00.000-05:00,17.535,17.55,17.52,17.525,103086
1704724740,2024-01-08T09:39:00.000-05:00,17.53,17.545,17.52,17.525,78864
1704724800,2024-01-08T09:40:00.000-05:00,17.525,17.55,17.525,17.53,64368
1704724860,2024-01-08T09:41:00.000-05:00,17.53,17.6,17.53,17.59,118715
1704724920,2024-01-08T09:42:00.000-05:00,17.595,17.595,17.565,17.57,73464
1704724980,2024-01-08T09:43:00.000-05:00,17.57,17.57,17.54,17.54,32297
1704725040,2024-01-08T09:44:00.000-05:00,17.545,17.58,17.54,17.57,71471
1704725100,2024-01-08T09:45:00.000-05:00,17.575,17.59,17.52,17.525,159049
1704725160,2024-01-08T09:46:00.000-05:00,17.525,17.5399,17.505,17.505,59762
1704725220,2024-01-08T09:47:00.000-05:00,17.505,17.57,17.48,17.565,126552
1704725280,2024-01-08T09:48:00.000-05:00,17.565,17.61,17.55,17.595,58004
1704725340,2024-01-08T09:49:00.000-05:00,17.59,17.6,17.565,17.5715,51091
1704725400,2024-01-08T09:50:00.000-05:00,17.575,17.645,17.575,17.635,133218
1704725460,2024-01-08T09:51:00.000-05:00,17.6301,17.64,17.625,17.6396,72170
1704725520,2024-01-08T09:52:00.000-05:00,17.635,17.65,17.61,17.63,125878
1704725580,2024-01-08T09:53:00.000-05:00,17.635,17.66,17.63,17.65,87800
1704725640,2024-01-08T09:54:00.000-05:00,17.645,17.68,17.632,17.675,81519
1704725700,2024-01-08T09:55:00.000-05:00,17.68,17.71,17.675,17.695,76278
1704725760,2024-01-08T09:56:00.000-05:00,17.695,17.6952,17.66,17.665,97175
1704725820,2024-01-08T09:57:00.000-05:00,17.665,17.74,17.665,17.735,65205
1704725880,2024-01-08T09:58:00.000-05:00,17.74,17.79,17.74,17.775,101611
1704725940,2024-01-08T09:59:00.000-05:00,17.77,17.805,17.77,17.7976,103283
1704726000,2024-01-08T10:00:00.000-05:00,17.79,17.8,17.7739,17.775,73568
1704726060,2024-01-08T10:01:00.000-05:00,17.775,17.795,17.775,17.78,130693
1704726120,2024-01-08T10:02:00.000-05:00,17.78,17.805,17.77,17.79,92250
1704726180,2024-01-08T10:03:00.000-05:00,17.79,17.83,17.785,17.825,80634
1704726240,2024-01-08T10:04:00.000-05:00,17.83,17.8558,17.82,17.8416,110063
1704726300,2024-01-08T10:05:00.000-05:00,17.85,17.875,17.8417,17.875,86065
1704726360,2024-01-08T10:06:00.000-05:00,17.875,17.91,17.87,17.8859,74076
1704726420,2024-01-08T10:07:00.000-05:00,17.885,17.91,17.87,17.87,94897
1704726480,2024-01-08T10:08:00.000-05:00,17.875,17.88,17.8301,17.84,90598
1704726540,2024-01-08T10:09:00.000-05:00,17.8412,17.87,17.84,17.855,48381
1704726600,2024-01-08T10:10:00.000-05:00,17.8515,17.88,17.85,17.8795,72214
1704726660,2024-01-08T10:11:00.000-05:00,17.875,17.92,17.875,17.905,95878
1704726720,2024-01-08T10:12:00.000-05:00,17.905,17.9091,17.885,17.89,97340
1704726780,2024-01-08T10:13:00.000-05:00,17.8801,17.9,17.88,17.885,41987
1704726840,2024-01-08T10:14:00.000-05:00,17.88,17.91,17.88,17.9,91829
1704726900,2024-01-08T10:15:00.000-05:00,17.9,17.91,17.88,17.9,45643
1704726960,2024-01-08T10:16:00.000-05:00,17.9,17.91,17.885,17.9,43716
1704727020,2024-01-08T10:17:00.000-05:00,17.89,17.91,17.89,17.8902,60813
1704727080,2024-01-08T10:18:00.000-05:00,17.9,17.9,17.89,17.895,30241
1704727140,2024-01-08T10:19:00.000-05:00,17.895,17.91,17.83,17.835,146662
1704727200,2024-01-08T10:20:00.000-05:00,17.835,17.85,17.8101,17.82,53282
1704727260,2024-01-08T10:21:00.000-05:00,17.825,17.83,17.81,17.82,36546
1704727320,2024-01-08T10:22:00.000-05:00,17.82,17.84,17.82,17.82,53527
1704727380,2024-01-08T10:23:00.000-05:00,17.82,17.82,17.803,17.81,27848
1704727440,2024-01-08T10:24:00.000-05:00,17.81,17.81,17.77,17.795,42952
1704727500,2024-01-08T10:25:00.000-05:00,17.795,17.83,17.775,17.825,104020
1704727560,2024-01-08T10:26:00.000-05:00,17.83,17.86,17.82,17.845,55747
1704727620,2024-01-08T10:27:00.000-05:00,17.84,17.8499,17.83,17.835,27776
1704727680,2024-01-08T10:28:00.000-05:00,17.835,17.836,17.81,17.81,31324
1704727740,2024-01-08T10:29:00.000-05:00,17.82,17.83,17.8,17.82,38636
1704727800,2024-01-08T10:30:00.000-05:00,17.83,17.85,17.8299,17.845,39005
1704727860,2024-01-08T10:31:00.000-05:00,17.845,17.87,17.845,17.865,29128
1704727920,2024-01-08T10:32:00.000-05:00,17.865,17.885,17.865,17.87,34372
1704727980,2024-01-08T10:33:00.000-05:00,17.87,17.87,17.835,17.84,38306
1704728040,2024-01-08T10:34:00.000-05:00,17.84,17.85,17.835,17.845,45937
1704728100,2024-01-08T10:35:00.000-05:00,17.8493,17.85,17.825,17.8399,29740
1704728160,2024-01-08T10:36:00.000-05:00,17.8398,17.85,17.83,17.835,22915
1704728220,2024-01-08T10:37:00.000-05:00,17.835,17.835,17.7925,17.81,72681
1704728280,2024-01-08T10:38:00.000-05:00,17.805,17.81,17.795,17.8,26312
1704728340,2024-01-08T10:39:00.000-05:00,17.8,17.82,17.79,17.815,43089
1704728400,2024-01-08T10:40:00.000-05:00,17.82,17.83,17.81,17.82,25771
1704728460,2024-01-08T10:41:00.000-05:00,17.82,17.847,17.82,17.83,26851
1704728520,2024-01-08T10:42:00.000-05:00,17.83,17.85,17.825,17.845,22055
1704728580,2024-01-08T10:43:00.000-05:00,17.845,17.85,17.83,17.83,24745
1704728640,2024-01-08T10:44:00.000-05:00,17.83,17.84,17.82,17.835,68531
1704728700,2024-01-08T10:45:00.000-05:00,17.84,17.845,17.82,17.82,78756
1704728760,2024-01-08T10:46:00.000-05:00,17.82,17.85,17.82,17.8499,90663
1704728820,2024-01-08T10:47:00.000-05:00,17.845,17.86,17.84,17.86,57418
1704728880,2024-01-08T10:48:00.000-05:00,17.86,17.88,17.855,17.87,41009
1704728940,2024-01-08T10:49:00.000-05:00,17.875,17.9,17.875,17.89,90345
1704729000,2024-01-08T10:50:00.000-05:00,17.89,17.9,17.88,17.9,58858
1704729060,2024-01-08T10:51:00.000-05:00,17.9,17.905,17.89,17.895,81733
1704729120,2024-01-08T10:52:00.000-05:00,17.89,17.9,17.87,17.875,28398
1704729180,2024-01-08T10:53:00.000-05:00,17.875,17.88,17.845,17.85,70139
1704729240,2024-01-08T10:54:00.000-05:00,17.85,17.86,17.8485,17.86,28265
1704729300,2024-01-08T10:55:00.000-05:00,17.86,17.87,17.84,17.85,13364
1704729360,2024-01-08T10:56:00.000-05:00,17.85,17.875,17.8499,17.87,61498
1704729420,2024-01-08T10:57:00.000-05:00,17.875,17.89,17.875,17.89,13551
1704729480,2024-01-08T10:58:00.000-05:00,17.89,17.895,17.885,17.895,18603
1704729540,2024-01-08T10:59:00.000-05:00,17.895,17.9,17.895,17.9,5144
1704729600,2024-01-08T11:00:00.000-05:00,17.9,17.92,17.89,17.91,40923
1704729660,2024-01-08T11:01:00.000-05:00,17.91,17.92,17.9,17.9,51344
1704729720,2024-01-08T11:02:00.000-05:00,17.9002,17.9002,17.88,17.89,48060
1704729780,2024-01-08T11:03:00.000-05:00,17.9,17.91,17.88,17.89,52505
1704729840,2024-01-08T11:04:00.000-05:00,17.885,17.89,17.87,17.87,21922
1704729900,2024-01-08T11:05:00.000-05:00,17.87,17.885,17.865,17.875,48079
1704729960,2024-01-08T11:06:00.000-05:00,17.88,17.9,17.875,17.895,33824
1704730020,2024-01-08T11:07:00.000-05:00,17.895,17.91,17.895,17.91,7953
1704730080,2024-01-08T11:08:00.000-05:00,17.91,17.91,17.88,17.895,45148
1704730140,2024-01-08T11:09:00.000-05:00,17.895,17.91,17.895,17.91,7925
1704730200,2024-01-08T11:10:00.000-05:00,17.91,17.92,17.9,17.91,67926
1704730260,2024-01-08T11:11:00.000-05:00,17.91,17.91,17.9,17.905,4961
1704730320,2024-01-08T11:12:00.000-05:00,17.91,17.915,17.9,17.9052,24026
1704730380,2024-01-08T11:13:00.000-05:00,17.905,17.91,17.885,17.885,44772
1704730440,2024-01-08T11:14:00.000-05:00,17.89,17.9,17.87,17.88,43436
1704730500,2024-01-08T11:15:00.000-05:00,17.87,17.88,17.85,17.85,51849
1704730560,2024-01-08T11:16:00.000-05:00,17.86,17.86,17.83,17.83,77835
1704730620,2024-01-08T11:17:00.000-05:00,17.835,17.84,17.825,17.835,33863
1704730680,2024-01-08T11:18:00.000-05:00,17.835,17.84,17.825,17.825,36430
1704730740,2024-01-08T11:19:00.000-05:00,17.825,17.835,17.825,17.8301,62585
1704730800,2024-01-08T11:20:00.000-05:00,17.8315,17.865,17.8315,17.86,341418
1704730860,2024-01-08T11:21:00.000-05:00,17.86,17.87,17.84,17.84,20292
1704730920,2024-01-08T11:22:00.000-05:00,17.8301,17.84,17.8215,17.83,56575
1704730980,2024-01-08T11:23:00.000-05:00,17.825,17.83,17.81,17.825,49512
1704731040,2024-01-08T11:24:00.000-05:00,17.82,17.84,17.82,17.8301,33659
1704731100,2024-01-08T11:25:00.000-05:00,17.825,17.85,17.825,17.85,21999
1704731160,2024-01-08T11:26:00.000-05:00,17.845,17.86,17.84,17.85,10682
1704731220,2024-01-08T11:27:00.000-05:00,17.85,17.875,17.85,17.86,41832
1704731280,2024-01-08T11:28:00.000-05:00,17.86,17.88,17.8595,17.879,61468
1704731340,2024-01-08T11:29:00.000-05:00,17.875,17.89,17.87,17.87,58913
1704731400,2024-01-08T11:30:00.000-05:00,17.87,17.89,17.855,17.855,29341
1704731460,2024-01-08T11:31:00.000-05:00,17.85,17.855,17.845,17.85,45139
1704731520,2024-01-08T11:32:00.000-05:00,17.855,17.87,17.855,17.86,9875
1704731580,2024-01-08T11:33:00.000-05:00,17.86,17.86,17.845,17.845,16862
1704731640,2024-01-08T11:34:00.000-05:00,17.85,17.85,17.8248,17.8248,10087
1704731700,2024-01-08T11:35:00.000-05:00,17.83,17.83,17.8,17.81,73228
1704731760,2024-01-08T11:36:00.000-05:00,17.81,17.8191,17.81,17.81,28956
1704731820,2024-01-08T11:37:00.000-05:00,17.815,17.8289,17.815,17.8289,17999
1704731880,2024-01-08T11:38:00.000-05:00,17.825,17.83,17.82,17.82,10367
1704731940,2024-01-08T11:39:00.000-05:00,17.82,17.82,17.8,17.805,67916
1704732000,2024-01-08T11:40:00.000-05:00,17.805,17.8197,17.8,17.8197,20760
1704732060,2024-01-08T11:41:00.000-05:00,17.815,17.85,17.815,17.845,74284
1704732120,2024-01-08T11:42:00.000-05:00,17.85,17.86,17.8401,17.845,28711
1704732180,2024-01-08T11:43:00.000-05:00,17.845,17.86,17.845,17.8497,43727
1704732240,2024-01-08T11:44:00.000-05:00,17.85,17.85,17.83,17.83,52653
1704732300,2024-01-08T11:45:00.000-05:00,17.83,17.85,17.83,17.84,46971
1704732360,2024-01-08T11:46:00.000-05:00,17.8486,17.85,17.8309,17.8309,7558
1704732420,2024-01-08T11:47:00.000-05:00,17.835,17.835,17.82,17.82,15748
1704732480,2024-01-08T11:48:00.000-05:00,17.815,17.82,17.81,17.815,9456
1704732540,2024-01-08T11:49:00.000-05:00,17.81,17.82,17.8,17.81,23987
1704732600,2024-01-08T11:50:00.000-05:00,17.8115,17.825,17.8,17.825,27716
1704732660,2024-01-08T11:51:00.000-05:00,17.83,17.8399,17.825,17.8399,9247
1704732720,2024-01-08T11:52:00.000-05:00,17.83,17.8333,17.825,17.825,8815
1704732780,2024-01-08T11:53:00.000-05:00,17.825,17.84,17.825,17.84,7189
1704732840,2024-01-08T11:54:00.000-05:00,17.835,17.84,17.83,17.835,5946
1704732900,2024-01-08T11:55:00.000-05:00,17.835,17.85,17.835,17.85,70522
1704732960,2024-01-08T11:56:00.000-05:00,17.845,17.86,17.84,17.8575,29888
1704733020,2024-01-08T11:57:00.000-05:00,17.85,17.86,17.85,17.85,6894
1704733080,2024-01-08T11:58:00.000-05:00,17.855,17.855,17.84,17.845,13811
1704733140,2024-01-08T11:59:00.000-05:00,17.84,17.86,17.84,17.845,50878
1704733200,2024-01-08T12:00:00.000-05:00,17.85,17.85,17.835,17.84,9865
1704733260,2024-01-08T12:01:00.000-05:00,17.85,17.86,17.845,17.855,24941
1704733320,2024-01-08T12:02:00.000-05:00,17.855,17.86,17.85,17.8501,9913
1704733380,2024-01-08T12:03:00.000-05:00,17.8501,17.87,17.8437,17.845,30814
1704733440,2024-01-08T12:04:00.000-05:00,17.85,17.85,17.84,17.845,9539
1704733500,2024-01-08T12:05:00.000-05:00,17.84,17.845,17.82,17.83,30355
1704733560,2024-01-08T12:06:00.000-05:00,17.83,17.835,17.83,17.835,5649
1704733620,2024-01-08T12:07:00.000-05:00,17.83,17.835,17.821,17.821,17580
1704733680,2024-01-08T12:08:00.000-05:00,17.825,17.825,17.815,17.815,3683
1704733740,2024-01-08T12:09:00.000-05:00,17.81,17.8199,17.8,17.8089,22072
1704733800,2024-01-08T12:10:00.000-05:00,17.8,17.8099,17.8,17.8,21038
1704733860,2024-01-08T12:11:00.000-05:00,17.8,17.815,17.8,17.815,13184
1704733920,2024-01-08T12:12:00.000-05:00,17.815,17.83,17.815,17.83,11248
1704733980,2024-01-08T12:13:00.000-05:00,17.83,17.835,17.82,17.83,25993
1704734040,2024-01-08T12:14:00.000-05:00,17.825,17.835,17.8209,17.8209,38430
1704734100,2024-01-08T12:15:00.000-05:00,17.83,17.84,17.825,17.835,38757
1704734160,2024-01-08T12:16:00.000-05:00,17.835,17.8399,17.83,17.835,3727
1704734220,2024-01-08T12:17:00.000-05:00,17.8352,17.84,17.835,17.835,3743
1704734280,2024-01-08T12:18:00.000-05:00,17.8398,17.84,17.8301,17.835,17994
1704734340,2024-01-08T12:19:00.000-05:00,17.835,17.84,17.82,17.825,23601
1704734400,2024-01-08T12:20:00.000-05:00,17.825,17.8271,17.8,17.805,50066
1704734460,2024-01-08T12:21:00.000-05:00,17.805,17.81,17.8,17.805,16937
1704734520,2024-01-08T12:22:00.000-05:00,17.805,17.805,17.79,17.795,10030
1704734580,2024-01-08T12:23:00.000-05:00,17.795,17.805,17.795,17.8,25036
1704734640,2024-01-08T12:24:00.000-05:00,17.805,17.81,17.8,17.805,23850
1704734700,2024-01-08T12:25:00.000-05:00,17.805,17.82,17.8,17.805,67342
1704734760,2024-01-08T12:26:00.000-05:00,17.81,17.81,17.8015,17.8015,12581
1704734820,2024-01-08T12:27:00.000-05:00,17.8044,17.81,17.8044,17.8071,7253
1704734880,2024-01-08T12:28:00.000-05:00,17.805,17.81,17.79,17.79,27833
1704734940,2024-01-08T12:29:00.000-05:00,17.785,17.7885,17.775,17.785,29459
1704735000,2024-01-08T12:30:00.000-05:00,17.785,17.79,17.78,17.785,12778
1704735060,2024-01-08T12:31:00.000-05:00,17.78,17.79,17.78,17.78,16632
1704735120,2024-01-08T12:32:00.000-05:00,17.7889,17.79,17.78,17.78,24758
1704735180,2024-01-08T12:33:00.000-05:00,17.785,17.785,17.76,17.77,37661
1704735240,2024-01-08T12:34:00.000-05:00,17.765,17.785,17.765,17.785,20683
1704735300,2024-01-08T12:35:00.000-05:00,17.7891,17.79,17.775,17.785,22364
1704735360,2024-01-08T12:36:00.000-05:00,17.7896,17.79,17.78,17.78,27285
1704735420,2024-01-08T12:37:00.000-05:00,17.78,17.79,17.78,17.7893,17983
1704735480,2024-01-08T12:38:00.000-05:00,17.789,17.8,17.789,17.795,20786
1704735540,2024-01-08T12:39:00.000-05:00,17.79,17.8,17.79,17.79,6274
1704735600,2024-01-08T12:40:00.000-05:00,17.7957,17.7957,17.78,17.785,15546
1704735660,2024-01-08T12:41:00.000-05:00,17.785,17.785,17.775,17.775,23508
1704735720,2024-01-08T12:42:00.000-05:00,17.775,17.775,17.765,17.77,4687
1704735780,2024-01-08T12:43:00.000-05:00,17.765,17.77,17.763,17.765,8133
1704735840,2024-01-08T12:44:00.000-05:00,17.765,17.765,17.74,17.7494,20058
1704735900,2024-01-08T12:45:00.000-05:00,17.7489,17.75,17.72,17.73,43528
1704735960,2024-01-08T12:46:00.000-05:00,17.735,17.75,17.73,17.745,17571
1704736020,2024-01-08T12:47:00.000-05:00,17.75,17.76,17.74,17.75,26994
1704736080,2024-01-08T12:48:00.000-05:00,17.745,17.75,17.74,17.745,6399
1704736140,2024-01-08T12:49:00.000-05:00,17.74,17.76,17.74,17.7547,23200
1704736200,2024-01-08T12:50:00.000-05:00,17.755,17.7599,17.75,17.7599,21342
1704736260,2024-01-08T12:51:00.000-05:00,17.7501,17.7501,17.75,17.75,1531
1704736320,2024-01-08T12:52:00.000-05:00,17.76,17.77,17.755,17.7648,23639
1704736380,2024-01-08T12:53:00.000-05:00,17.76,17.765,17.75,17.75,20140
1704736440,2024-01-08T12:54:00.000-05:00,17.75,17.76,17.75,17.75,10850
1704736500,2024-01-08T12:55:00.000-05:00,17.755,17.755,17.75,17.75,4604
1704736560,2024-01-08T12:56:00.000-05:00,17.76,17.76,17.75,17.76,12076
1704736620,2024-01-08T12:57:00.000-05:00,17.755,17.78,17.75,17.77,50860
1704736680,2024-01-08T12:58:00.000-05:00,17.77,17.775,17.765,17.7702,31639
1704736740,2024-01-08T12:59:00.000-05:00,17.77,17.78,17.7602,17.775,17124
1704736800,2024-01-08T13:00:00.000-05:00,17.78,17.79,17.775,17.785,15273
1704736860,2024-01-08T13:01:00.000-05:00,17.785,17.79,17.78,17.79,23588
1704736920,2024-01-08T13:02:00.000-05:00,17.79,17.79,17.78,17.7899,5283
1704736980,2024-01-08T13:03:00.000-05:00,17.785,17.8,17.7801,17.7915,15969
1704737040,2024-01-08T13:04:00.000-05:00,17.79,17.79,17.785,17.7897,18232
1704737100,2024-01-08T13:05:00.000-05:00,17.79,17.79,17.7844,17.785,2117
1704737160,2024-01-08T13:06:00.000-05:00,17.785,17.785,17.77,17.78,10275
1704737220,2024-01-08T13:07:00.000-05:00,17.78,17.78,17.7601,17.765,19016
1704737280,2024-01-08T13:08:00.000-05:00,17.76,17.7601,17.75,17.76,15088
1704737340,2024-01-08T13:09:00.000-05:00,17.75,17.755,17.75,17.75,7054
1704737400,2024-01-08T13:10:00.000-05:00,17.75,17.76,17.745,17.7599,73563
1704737460,2024-01-08T13:11:00.000-05:00,17.755,17.755,17.7501,17.755,7266
1704737520,2024-01-08T13:12:00.000-05:00,17.755,17.775,17.7501,17.775,25570
1704737580,2024-01-08T13:13:00.000-05:00,17.77,17.78,17.7672,17.7681,22860
1704737640,2024-01-08T13:14:00.000-05:00,17.765,17.78,17.76,17.765,45898
1704737700,2024-01-08T13:15:00.000-05:00,17.765,17.775,17.765,17.77,37392
1704737760,2024-01-08T13:16:00.000-05:00,17.7701,17.775,17.77,17.7737,1152
1704737820,2024-01-08T13:17:00.000-05:00,17.7701,17.7769,17.77,17.77,7216
1704737880,2024-01-08T13:18:00.000-05:00,17.77,17.7784,17.77,17.775,8460
1704737940,2024-01-08T13:19:00.000-05:00,17.7739,17.775,17.76,17.7626,21491
1704738000,2024-01-08T13:20:00.000-05:00,17.76,17.77,17.76,17.7691,11266
1704738060,2024-01-08T13:21:00.000-05:00,17.7601,17.7601,17.75,17.755,55312
1704738120,2024-01-08T13:22:00.000-05:00,17.755,17.755,17.745,17.745,29316
1704738180,2024-01-08T13:23:00.000-05:00,17.7425,17.75,17.725,17.735,109723
1704738240,2024-01-08T13:24:00.000-05:00,17.735,17.7399,17.73,17.7368,14716
1704738300,2024-01-08T13:25:00.000-05:00,17.7399,17.74,17.73,17.74,14563
1704738360,2024-01-08T13:26:00.000-05:00,17.735,17.74,17.72,17.735,104188
1704738420,2024-01-08T13:27:00.000-05:00,17.74,17.76,17.735,17.75,39861
1704738480,2024-01-08T13:28:00.000-05:00,17.75,17.75,17.72,17.725,142824
1704738540,2024-01-08T13:29:00.000-05:00,17.72,17.73,17.705,17.72,69352
1704738600,2024-01-08T13:30:00.000-05:00,17.72,17.73,17.72,17.725,10548
1704738660,2024-01-08T13:31:00.000-05:00,17.725,17.74,17.725,17.74,21548
1704738720,2024-01-08T13:32:00.000-05:00,17.735,17.755,17.735,17.755,38736
1704738780,2024-01-08T13:33:00.000-05:00,17.7548,17.755,17.74,17.745,11838
1704738840,2024-01-08T13:34:00.000-05:00,17.745,17.76,17.745,17.755,32301
1704738900,2024-01-08T13:35:00.000-05:00,17.76,17.77,17.755,17.765,38237
1704738960,2024-01-08T13:36:00.000-05:00,17.765,17.765,17.74,17.7458,55927
1704739020,2024-01-08T13:37:00.000-05:00,17.75,17.75,17.73,17.74,35517
1704739080,2024-01-08T13:38:00.000-05:00,17.73,17.73,17.71,17.71,49493
1704739140,2024-01-08T13:39:00.000-05:00,17.71,17.72,17.69,17.6901,76549
1704739200,2024-01-08T13:40:00.000-05:00,17.7,17.7,17.6825,17.685,15350
1704739260,2024-01-08T13:41:00.000-05:00,17.6899,17.69,17.675,17.68,69118
1704739320,2024-01-08T13:42:00.000-05:00,17.69,17.69,17.68,17.68,25361
1704739380,2024-01-08T13:43:00.000-05:00,17.685,17.6901,17.68,17.685,72827
1704739440,2024-01-08T13:44:00.000-05:00,17.685,17.69,17.68,17.68,4880
1704739500,2024-01-08T13:45:00.000-05:00,17.685,17.69,17.68,17.6836,23038
1704739560,2024-01-08T13:46:00.000-05:00,17.685,17.69,17.685,17.6856,9959
1704739620,2024-01-08T13:47:00.000-05:00,17.685,17.71,17.6801,17.695,49487
1704739680,2024-01-08T13:48:00.000-05:00,17.695,17.7,17.69,17.695,31637
1704739740,2024-01-08T13:49:00.000-05:00,17.695,17.7,17.69,17.69,29435
1704739800,2024-01-08T13:50:00.000-05:00,17.695,17.695,17.68,17.68,53624
1704739860,2024-01-08T13:51:00.000-05:00,17.675,17.7,17.67,17.695,39745
1704739920,2024-01-08T13:52:00.000-05:00,17.7,17.7,17.695,17.695,4784
1704739980,2024-01-08T13:53:00.000-05:00,17.69,17.695,17.675,17.6799,23789
1704740040,2024-01-08T13:54:00.000-05:00,17.6743,17.675,17.67,17.675,3907
1704740100,2024-01-08T13:55:00.000-05:00,17.67,17.68,17.67,17.675,6417
1704740160,2024-01-08T13:56:00.000-05:00,17.6766,17.68,17.67,17.675,4988
1704740220,2024-01-08T13:57:00.000-05:00,17.675,17.675,17.66,17.6692,85003
1704740280,2024-01-08T13:58:00.000-05:00,17.665,17.67,17.66,17.665,21993
1704740340,2024-01-08T13:59:00.000-05:00,17.665,17.67,17.6559,17.6599,27032
1704740400,2024-01-08T14:00:00.000-05:00,17.6598,17.67,17.655,17.665,31402
1704740460,2024-01-08T14:01:00.000-05:00,17.665,17.68,17.665,17.68,51059
1704740520,2024-01-08T14:02:00.000-05:00,17.675,17.68,17.67,17.67,7248
1704740580,2024-01-08T14:03:00.000-05:00,17.67,17.675,17.66,17.665,77823
1704740640,2024-01-08T14:04:00.000-05:00,17.6699,17.685,17.6648,17.685,43531
1704740700,2024-01-08T14:05:00.000-05:00,17.68,17.69,17.67,17.6763,22065
1704740760,2024-01-08T14:06:00.000-05:00,17.67,17.68,17.665,17.67,29675
1704740820,2024-01-08T14:07:00.000-05:00,17.67,17.67,17.6601,17.6675,17805
1704740880,2024-01-08T14:08:00.000-05:00,17.66,17.67,17.66,17.67,8753
1704740940,2024-01-08T14:09:00.000-05:00,17.665,17.6699,17.66,17.665,6889
1704741000,2024-01-08T14:10:00.000-05:00,17.6663,17.68,17.665,17.68,28168
1704741060,2024-01-08T14:11:00.000-05:00,17.6827,17.69,17.6785,17.6799,72827
1704741120,2024-01-08T14:12:00.000-05:00,17.675,17.68,17.67,17.675,1181
1704741180,2024-01-08T14:13:00.000-05:00,17.675,17.68,17.67,17.6799,17238
1704741240,2024-01-08T14:14:00.000-05:00,17.675,17.68,17.67,17.67,9058
1704741300,2024-01-08T14:15:00.000-05:00,17.675,17.675,17.665,17.665,13817
1704741360,2024-01-08T14:16:00.000-05:00,17.6699,17.68,17.665,17.675,20332
1704741420,2024-01-08T14:17:00.000-05:00,17.675,17.68,17.67,17.675,12844
1704741480,2024-01-08T14:18:00.000-05:00,17.6759,17.6799,17.67,17.6799,3968
1704741540,2024-01-08T14:19:00.000-05:00,17.6798,17.6799,17.675,17.6799,7050
1704741600,2024-01-08T14:20:00.000-05:00,17.6755,17.68,17.67,17.6799,7802
1704741660,2024-01-08T14:21:00.000-05:00,17.67,17.69,17.67,17.685,18091
1704741720,2024-01-08T14:22:00.000-05:00,17.69,17.69,17.68,17.685,2143
1704741780,2024-01-08T14:23:00.000-05:00,17.685,17.69,17.68,17.685,6053
1704741840,2024-01-08T14:24:00.000-05:00,17.68,17.69,17.68,17.685,6376
1704741900,2024-01-08T14:25:00.000-05:00,17.686,17.69,17.675,17.675,92652
1704741960,2024-01-08T14:26:00.000-05:00,17.675,17.685,17.675,17.68,20683
1704742020,2024-01-08T14:27:00.000-05:00,17.68,17.69,17.68,17.68,6064
1704742080,2024-01-08T14:28:00.000-05:00,17.6859,17.6899,17.68,17.6852,5446
1704742140,2024-01-08T14:29:00.000-05:00,17.6881,17.695,17.68,17.68,46791
1704742200,2024-01-08T14:30:00.000-05:00,17.685,17.69,17.68,17.6899,15970
1704742260,2024-01-08T14:31:00.000-05:00,17.685,17.7013,17.685,17.69,53465
1704742320,2024-01-08T14:32:00.000-05:00,17.697,17.7,17.6901,17.7,8860
1704742380,2024-01-08T14:33:00.000-05:00,17.69,17.7,17.69,17.69,6523
1704742440,2024-01-08T14:34:00.000-05:00,17.695,17.695,17.68,17.685,21465
1704742500,2024-01-08T14:35:00.000-05:00,17.69,17.69,17.6801,17.685,22020
1704742560,2024-01-08T14:36:00.000-05:00,17.685,17.69,17.68,17.685,8097
1704742620,2024-01-08T14:37:00.000-05:00,17.69,17.7,17.68,17.685,43108
1704742680,2024-01-08T14:38:00.000-05:00,17.685,17.69,17.6843,17.6899,10234
1704742740,2024-01-08T14:39:00.000-05:00,17.69,17.69,17.6835,17.6885,6267
1704742800,2024-01-08T14:40:00.000-05:00,17.685,17.69,17.68,17.69,5791
1704742860,2024-01-08T14:41:00.000-05:00,17.68,17.69,17.68,17.685,3846
1704742920,2024-01-08T14:42:00.000-05:00,17.69,17.7,17.685,17.7,32233
1704742980,2024-01-08T14:43:00.000-05:00,17.69,17.7,17.69,17.6943,4861
1704743040,2024-01-08T14:44:00.000-05:00,17.69,17.6915,17.68,17.68,33638
1704743100,2024-01-08T14:45:00.000-05:00,17.6869,17.69,17.6836,17.687,2732
1704743160,2024-01-08T14:46:00.000-05:00,17.685,17.6897,17.685,17.6897,3549
1704743220,2024-01-08T14:47:00.000-05:00,17.685,17.7,17.685,17.7,31184
1704743280,2024-01-08T14:48:00.000-05:00,17.695,17.7061,17.69,17.705,39746
1704743340,2024-01-08T14:49:00.000-05:00,17.7,17.7,17.695,17.695,19152
1704743400,2024-01-08T14:50:00.000-05:00,17.695,17.71,17.695,17.71,38970
1704743460,2024-01-08T14:51:00.000-05:00,17.707,17.7099,17.7,17.705,20340
1704743520,2024-01-08T14:52:00.000-05:00,17.7,17.71,17.7,17.7,7319
1704743580,2024-01-08T14:53:00.000-05:00,17.7,17.72,17.69,17.695,80260
1704743640,2024-01-08T14:54:00.000-05:00,17.6948,17.695,17.69,17.6906,5212
1704743700,2024-01-08T14:55:00.000-05:00,17.695,17.695,17.68,17.68,18172
1704743760,2024-01-08T14:56:00.000-05:00,17.685,17.7,17.685,17.69,59832
1704743820,2024-01-08T14:57:00.000-05:00,17.6901,17.7,17.69,17.69,17639
1704743880,2024-01-08T14:58:00.000-05:00,17.695,17.7,17.69,17.7,8617
1704743940,2024-01-08T14:59:00.000-05:00,17.695,17.6999,17.6897,17.6931,57190
1704744000,2024-01-08T15:00:00.000-05:00,17.69,17.695,17.685,17.695,21970
1704744060,2024-01-08T15:01:00.000-05:00,17.695,17.695,17.685,17.685,21336
1704744120,2024-01-08T15:02:00.000-05:00,17.685,17.6887,17.67,17.675,73301
1704744180,2024-01-08T15:03:00.000-05:00,17.675,17.6899,17.67,17.6801,56938
1704744240,2024-01-08T15:04:00.000-05:00,17.6815,17.6815,17.665,17.675,45094
1704744300,2024-01-08T15:05:00.000-05:00,17.675,17.6762,17.67,17.675,6445
1704744360,2024-01-08T15:06:00.000-05:00,17.675,17.68,17.66,17.665,46207
1704744420,2024-01-08T15:07:00.000-05:00,17.66,17.66,17.65,17.655,19426
1704744480,2024-01-08T15:08:00.000-05:00,17.655,17.67,17.65,17.665,49202
1704744540,2024-01-08T15:09:00.000-05:00,17.665,17.675,17.665,17.675,10418
1704744600,2024-01-08T15:10:00.000-05:00,17.68,17.68,17.67,17.675,31524
1704744660,2024-01-08T15:11:00.000-05:00,17.675,17.6758,17.67,17.6742,5301
1704744720,2024-01-08T15:12:00.000-05:00,17.6765,17.69,17.675,17.6801,24811
1704744780,2024-01-08T15:13:00.000-05:00,17.6864,17.69,17.67,17.68,38778
1704744840,2024-01-08T15:14:00.000-05:00,17.675,17.675,17.67,17.675,21691
1704744900,2024-01-08T15:15:00.000-05:00,17.6799,17.68,17.66,17.675,46860
1704744960,2024-01-08T15:16:00.000-05:00,17.675,17.675,17.66,17.66,15543
1704745020,2024-01-08T15:17:00.000-05:00,17.665,17.68,17.665,17.675,46065
1704745080,2024-01-08T15:18:00.000-05:00,17.675,17.68,17.67,17.68,20812
1704745140,2024-01-08T15:19:00.000-05:00,17.68,17.685,17.6785,17.68,23913
1704745200,2024-01-08T15:20:00.000-05:00,17.69,17.69,17.68,17.68,15813
1704745260,2024-01-08T15:21:00.000-05:00,17.685,17.69,17.68,17.685,17269
1704745320,2024-01-08T15:22:00.000-05:00,17.685,17.7,17.685,17.6901,22682
1704745380,2024-01-08T15:23:00.000-05:00,17.695,17.695,17.69,17.695,14596
1704745440,2024-01-08T15:24:00.000-05:00,17.695,17.7,17.69,17.69,42311
1704745500,2024-01-08T15:25:00.000-05:00,17.695,17.695,17.69,17.695,2314
1704745560,2024-01-08T15:26:00.000-05:00,17.695,17.695,17.68,17.685,35965
1704745620,2024-01-08T15:27:00.000-05:00,17.685,17.69,17.68,17.685,17564
1704745680,2024-01-08T15:28:00.000-05:00,17.6898,17.705,17.68,17.7,127632
1704745740,2024-01-08T15:29:00.000-05:00,17.7,17.7,17.69,17.695,11567
1704745800,2024-01-08T15:30:00.000-05:00,17.69,17.6999,17.685,17.695,74475
1704745860,2024-01-08T15:31:00.000-05:00,17.695,17.6984,17.69,17.69,9973
1704745920,2024-01-08T15:32:00.000-05:00,17.69,17.695,17.68,17.6808,30239
1704745980,2024-01-08T15:33:00.000-05:00,17.68,17.7,17.67,17.7,65995
1704746040,2024-01-08T15:34:00.000-05:00,17.7,17.72,17.692,17.715,114041
1704746100,2024-01-08T15:35:00.000-05:00,17.71,17.71,17.7001,17.705,42057
1704746160,2024-01-08T15:36:00.000-05:00,17.705,17.72,17.7005,17.705,77118
1704746220,2024-01-08T15:37:00.000-05:00,17.705,17.71,17.7,17.7056,23235
1704746280,2024-01-08T15:38:00.000-05:00,17.71,17.72,17.7086,17.72,142635
1704746340,2024-01-08T15:39:00.000-05:00,17.715,17.7199,17.7,17.705,64195
1704746400,2024-01-08T15:40:00.000-05:00,17.7,17.72,17.7,17.72,61160
1704746460,2024-01-08T15:41:00.000-05:00,17.715,17.73,17.715,17.725,35488
1704746520,2024-01-08T15:42:00.000-05:00,17.725,17.74,17.72,17.725,61311
1704746580,2024-01-08T15:43:00.000-05:00,17.725,17.73,17.72,17.7215,46316
1704746640,2024-01-08T15:44:00.000-05:00,17.725,17.73,17.71,17.725,58188
1704746700,2024-01-08T15:45:00.000-05:00,17.725,17.7282,17.7101,17.725,81310
1704746760,2024-01-08T15:46:00.000-05:00,17.725,17.73,17.7,17.705,94411
1704746820,2024-01-08T15:47:00.000-05:00,17.71,17.71,17.705,17.71,49280
1704746880,2024-01-08T15:48:00.000-05:00,17.705,17.72,17.7047,17.71,62601
1704746940,2024-01-08T15:49:00.000-05:00,17.71,17.7101,17.7,17.7,68422
1704747000,2024-01-08T15:50:00.000-05:00,17.7,17.715,17.7,17.715,114166
1704747060,2024-01-08T15:51:00.000-05:00,17.715,17.725,17.71,17.725,76834
1704747120,2024-01-08T15:52:00.000-05:00,17.725,17.73,17.71,17.715,79878
1704747180,2024-01-08T15:53:00.000-05:00,17.715,17.72,17.71,17.715,58682
1704747240,2024-01-08T15:54:00.000-05:00,17.715,17.715,17.7,17.705,71030
1704747300,2024-01-08T15:55:00.000-05:00,17.705,17.72,17.7,17.715,113764
1704747360,2024-01-08T15:56:00.000-05:00,17.715,17.715,17.7,17.705,107669
1704747420,2024-01-08T15:57:00.000-05:00,17.71,17.72,17.7,17.715,90962
1704747480,2024-01-08T15:58:00.000-05:00,17.715,17.72,17.71,17.71,148683
1704747540,2024-01-08T15:59:00.000-05:00,17.71,17.72,17.68,17.69,387147
1704747600,2024-01-08T16:00:00.000-05:00,17.7,17.7,17.69,17.69,609635
1704747660,2024-01-08T16:01:00.000-05:00,17.72,17.72,17.72,17.72,104
1704747720,2024-01-08T16:02:00.000-05:00,17.72,17.72,17.72,17.72,301
1704747840,2024-01-08T16:04:00.000-05:00,17.69,17.69,17.69,17.69,7039
1704748140,2024-01-08T16:09:00.000-05:00,17.72,17.72,17.72,17.72,401
1704748740,2024-01-08T16:19:00.000-05:00,17.72,17.72,17.72,17.72,283
1704750240,2024-01-08T16:44:00.000-05:00,17.6908,17.6908,17.6908,17.6908,100
1704751320,2024-01-08T17:02:00.000-05:00,17.69,17.69,17.69,17.69,301
1704753240,2024-01-08T17:34:00.000-05:00,17.7,17.7,17.7,17.7,500
1704753300,2024-01-08T17:35:00.000-05:00,17.68,17.68,17.68,17.68,164
1704753420,2024-01-08T17:37:00.000-05:00,17.68,17.68,17.68,17.68,500
1704753960,2024-01-08T17:46:00.000-05:00,17.71,17.71,17.71,17.71,600
1704754200,2024-01-08T17:50:00.000-05:00,17.69,17.69,17.69,17.69,100
1704755580,2024-01-08T18:13:00.000-05:00,17.6801,17.6801,17.6801,17.6801,150
1704756660,2024-01-08T18:31:00.000-05:00,17.6895,17.6895,17.6895,17.6895,114
1704757800,2024-01-08T18:50:00.000-05:00,17.69,17.69,17.69,17.69,887
1704758520,2024-01-08T19:02:00.000-05:00,17.71,17.71,17.71,17.71,336
1704758700,2024-01-08T19:05:00.000-05:00,17.7004,17.7004,17.7004,17.7004,102
1704758880,2024-01-08T19:08:00.000-05:00,17.71,17.71,17.71,17.71,275
1704758940,2024-01-08T19:09:00.000-05:00,17.73,17.73,17.73,17.73,1539
1704759000,2024-01-08T19:10:00.000-05:00,17.73,17.73,17.72,17.72,1375
1704759120,2024-01-08T19:12:00.000-05:00,17.71,17.71,17.71,17.71,130
1704759180,2024-01-08T19:13:00.000-05:00,17.71,17.71,17.71,17.71,185
1704759660,2024-01-08T19:21:00.000-05:00,17.71,17.71,17.71,17.71,402
1704759720,2024-01-08T19:22:00.000-05:00,17.71,17.71,17.71,17.71,422
1704759780,2024-01-08T19:23:00.000-05:00,17.71,17.71,17.71,17.71,500
1704760140,2024-01-08T19:29:00.000-05:00,17.72,17.72,17.72,17.72,200
1704760200,2024-01-08T19:30:00.000-05:00,17.7203,17.7203,17.7203,17.7203,100
1704760680,2024-01-08T19:38:00.000-05:00,17.73,17.82,17.73,17.73,1152
1704760860,2024-01-08T19:41:00.000-05:00,17.72,17.72,17.72,17.72,326
1704761040,2024-01-08T19:44:00.000-05:00,17.72,17.72,17.7,17.7,2035
1704761280,2024-01-08T19:48:00.000-05:00,17.73,17.73,17.73,17.73,155
1704761880,2024-01-08T19:58:00.000-05:00,17.72,17.72,17.72,17.72,111
1704761940,2024-01-08T19:59:00.000-05:00,17.71,17.71,17.71,17.71,357
1704777720,2024-01-09T00:22:00.000-05:00,17.8,17.8,17.8,17.8,401
1704781500,2024-01-09T01:25:00.000-05:00,17.75,17.75,17.75,17.75,132
1704790800,2024-01-09T04:00:00.000-05:00,17.82,17.82,17.71,17.74,406
1704791640,2024-01-09T04:14:00.000-05:00,17.71,17.72,17.71,17.72,2016
1704792480,2024-01-09T04:28:00.000-05:00,17.72,17.72,17.72,17.72,224
1704792540,2024-01-09T04:29:00.000-05:00,17.72,17.72,17.71,17.71,413
1704793200,2024-01-09T04:40:00.000-05:00,17.71,17.71,17.71,17.71,192
1704793620,2024-01-09T04:47:00.000-05:00,17.74,17.74,17.74,17.74,200
1704795180,2024-01-09T05:13:00.000-05:00,17.72,17.72,17.72,17.72,584
1704795660,2024-01-09T05:21:00.000-05:00,17.76,17.76,17.76,17.76,100
1704795900,2024-01-09T05:25:00.000-05:00,17.76,17.76,17.76,17.76,500
1704796320,2024-01-09T05:32:00.000-05:00,17.8,17.8,17.8,17.8,965
1704796380,2024-01-09T05:33:00.000-05:00,17.78,17.78,17.78,17.78,1235
1704798420,2024-01-09T06:07:00.000-05:00,17.76,17.76,17.76,17.76,508
1704798540,2024-01-09T06:09:00.000-05:00,17.76,17.76,17.76,17.76,100
1704798840,2024-01-09T06:14:00.000-05:00,17.76,17.76,17.76,17.76,200
1704799320,2024-01-09T06:22:00.000-05:00,17.76,17.76,17.76,17.76,400
1704799500,2024-01-09T06:25:00.000-05:00,17.77,17.77,17.77,17.77,167
1704800280,2024-01-09T06:38:00.000-05:00,17.76,17.76,17.76,17.76,796
1704801180,2024-01-09T06:53:00.000-05:00,17.75,17.75,17.75,17.75,500
1704801600,2024-01-09T07:00:00.000-05:00,17.77,17.77,17.77,17.77,1029
1704801840,2024-01-09T07:04:00.000-05:00,17.75,17.75,17.75,17.75,100
1704802320,2024-01-09T07:12:00.000-05:00,17.78,17.78,17.78,17.78,401
1704802380,2024-01-09T07:13:00.000-05:00,17.78,17.78,17.78,17.78,200
1704802560,2024-01-09T07:16:00.000-05:00,17.78,17.78,17.78,17.78,100
1704802920,2024-01-09T07:22:00.000-05:00,17.8,17.8,17.8,17.8,105
1704803640,2024-01-09T07:34:00.000-05:00,17.78,17.78,17.78,17.78,2002
1704803760,2024-01-09T07:36:00.000-05:00,17.75,17.75,17.75,17.75,500
1704805200,2024-01-09T08:00:00.000-05:00,17.75,17.75,17.74,17.74,2880
1704805260,2024-01-09T08:01:00.000-05:00,17.73,17.73,17.71,17.71,338
1704805800,2024-01-09T08:10:00.000-05:00,17.7399,17.7399,17.7399,17.7399,241
1704806940,2024-01-09T08:29:00.000-05:00,17.71,17.71,17.71,17.71,160
1704807180,2024-01-09T08:33:00.000-05:00,17.7396,17.7396,17.7396,17.7396,2000
1704807420,2024-01-09T08:37:00.000-05:00,17.73,17.73,17.73,17.73,1680
1704807480,2024-01-09T08:38:00.000-05:00,17.74,17.79,17.74,17.7899,4781
1704808140,2024-01-09T08:49:00.000-05:00,17.78,17.78,17.78,17.78,1000
1704808200,2024-01-09T08:50:00.000-05:00,17.78,17.78,17.78,17.78,1501
1704808320,2024-01-09T08:52:00.000-05:00,17.78,17.78,17.78,17.78,1001
1704808380,2024-01-09T08:53:00.000-05:00,17.78,17.79,17.78,17.79,3400
1704808440,2024-01-09T08:54:00.000-05:00,17.8,17.8,17.8,17.8,7600
1704808800,2024-01-09T09:00:00.000-05:00,17.81,17.82,17.81,17.82,3830
1704808860,2024-01-09T09:01:00.000-05:00,17.82,17.82,17.8106,17.8106,4101
1704808980,2024-01-09T09:03:00.000-05:00,17.83,17.83,17.83,17.83,1010
1704809040,2024-01-09T09:04:00.000-05:00,17.83,17.83,17.83,17.83,500
1704809280,2024-01-09T09:08:00.000-05:00,17.83,17.83,17.83,17.83,485
1704809340,2024-01-09T09:09:00.000-05:00,17.83,17.83,17.83,17.83,192
1704809400,2024-01-09T09:10:00.000-05:00,17.81,17.81,17.81,17.81,1170
1704809760,2024-01-09T09:16:00.000-05:00,17.82,17.82,17.82,17.82,112
1704809820,2024-01-09T09:17:00.000-05:00,17.79,17.79,17.79,17.79,308
1704809880,2024-01-09T09:18:00.000-05:00,17.79,17.79,17.78,17.78,3392
1704810060,2024-01-09T09:21:00.000-05:00,17.77,17.77,17.77,17.77,1011
1704810120,2024-01-09T09:22:00.000-05:00,17.77,17.7891,17.77,17.7891,3135
1704810180,2024-01-09T09:23:00.000-05:00,17.79,17.79,17.7704,17.7704,606
1704810420,2024-01-09T09:27:00.000-05:00,17.81,17.81,17.81,17.81,155
1704810480,2024-01-09T09:28:00.000-05:00,17.78,17.78,17.75,17.75,1375
1704810540,2024-01-09T09:29:00.000-05:00,17.7,17.7,17.7,17.7,448
1704810600,2024-01-09T09:30:00.000-05:00,17.69,17.7,17.6,17.63,32720
1704810660,2024-01-09T09:31:00.000-05:00,17.62,17.62,17.57,17.57,10242
1704810720,2024-01-09T09:32:00.000-05:00,17.55,17.57,17.52,17.565,166337
1704810780,2024-01-09T09:33:00.000-05:00,17.57,17.59,17.54,17.56,23760
1704810840,2024-01-09T09:34:00.000-05:00,17.575,17.5775,17.54,17.555,72750
1704810900,2024-01-09T09:35:00.000-05:00,17.55,17.6,17.515,17.575,142863
1704810960,2024-01-09T09:36:00.000-05:00,17.575,17.625,17.57,17.6184,86562
1704811020,2024-01-09T09:37:00.000-05:00,17.61,17.6367,17.6,17.615,84003
1704811080,2024-01-09T09:38:00.000-05:00,17.61,17.6185,17.56,17.56,67282
1704811140,2024-01-09T09:39:00.000-05:00,17.5601,17.565,17.545,17.56,39870
1704811200,2024-01-09T09:40:00.000-05:00,17.56,17.58,17.55,17.565,76620
1704811260,2024-01-09T09:41:00.000-05:00,17.56,17.56,17.53,17.535,29199
1704811320,2024-01-09T09:42:00.000-05:00,17.535,17.54,17.52,17.535,41112
1704811380,2024-01-09T09:43:00.000-05:00,17.535,17.565,17.535,17.56,32172
1704811440,2024-01-09T09:44:00.000-05:00,17.5696,17.6,17.5684,17.575,98168
1704811500,2024-01-09T09:45:00.000-05:00,17.57,17.575,17.55,17.555,60373
1704811560,2024-01-09T09:46:00.000-05:00,17.545,17.5499,17.52,17.54,19725
1704811620,2024-01-09T09:47:00.000-05:00,17.5301,17.57,17.53,17.55,64439
1704811680,2024-01-09T09:48:00.000-05:00,17.55,17.57,17.55,17.57,22938
1704811740,2024-01-09T09:49:00.000-05:00,17.565,17.57,17.55,17.55,13379
1704811800,2024-01-09T09:50:00.000-05:00,17.545,17.5485,17.51,17.52,50339
1704811860,2024-01-09T09:51:00.000-05:00,17.51,17.555,17.51,17.54,58061
1704811920,2024-01-09T09:52:00.000-05:00,17.54,17.55,17.53,17.55,23519
1704811980,2024-01-09T09:53:00.000-05:00,17.55,17.55,17.52,17.53,8691
1704812040,2024-01-09T09:54:00.000-05:00,17.54,17.54,17.515,17.525,12566
1704812100,2024-01-09T09:55:00.000-05:00,17.52,17.5299,17.51,17.51,69653
1704812160,2024-01-09T09:56:00.000-05:00,17.505,17.52,17.5,17.515,17906
1704812220,2024-01-09T09:57:00.000-05:00,17.52,17.5293,17.51,17.52,24815
1704812280,2024-01-09T09:58:00.000-05:00,17.515,17.52,17.5,17.5157,9977
1704812340,2024-01-09T09:59:00.000-05:00,17.52,17.525,17.5001,17.51,13446
1704812400,2024-01-09T10:00:00.000-05:00,17.515,17.52,17.485,17.485,14350
1704812460,2024-01-09T10:01:00.000-05:00,17.49,17.49,17.455,17.455,33392
1704812520,2024-01-09T10:02:00.000-05:00,17.4515,17.5,17.45,17.495,74159
1704812580,2024-01-09T10:03:00.000-05:00,17.49,17.52,17.49,17.51,16670
1704812640,2024-01-09T10:04:00.000-05:00,17.52,17.525,17.5114,17.5114,6438
1704812700,2024-01-09T10:05:00.000-05:00,17.515,17.535,17.495,17.5,38846
1704812760,2024-01-09T10:06:00.000-05:00,17.5,17.51,17.4899,17.4899,14132
1704812820,2024-01-09T10:07:00.000-05:00,17.49,17.49,17.4599,17.4599,30569
1704812880,2024-01-09T10:08:00.000-05:00,17.45,17.505,17.45,17.505,59249
1704812940,2024-01-09T10:09:00.000-05:00,17.505,17.5299,17.505,17.5101,34093
1704813000,2024-01-09T10:10:00.000-05:00,17.515,17.515,17.48,17.48,43786
1704813060,2024-01-09T10:11:00.000-05:00,17.48,17.485,17.46,17.485,32956
1704813120,2024-01-09T10:12:00.000-05:00,17.48,17.49,17.47,17.47,16498
1704813180,2024-01-09T10:13:00.000-05:00,17.47,17.475,17.46,17.4601,25319
1704813240,2024-01-09T10:14:00.000-05:00,17.465,17.48,17.4509,17.4784,18953
1704813300,2024-01-09T10:15:00.000-05:00,17.48,17.498,17.48,17.49,10913
1704813360,2024-01-09T10:16:00.000-05:00,17.49,17.5,17.49,17.5,12360
1704813420,2024-01-09T10:17:00.000-05:00,17.5,17.515,17.49,17.505,16802
1704813480,2024-01-09T10:18:00.000-05:00,17.505,17.51,17.49,17.51,22007
1704813540,2024-01-09T10:19:00.000-05:00,17.51,17.52,17.505,17.52,19802
1704813600,2024-01-09T10:20:00.000-05:00,17.51,17.52,17.48,17.48,27286
1704813660,2024-01-09T10:21:00.000-05:00,17.485,17.51,17.48,17.5,29289
1704813720,2024-01-09T10:22:00.000-05:00,17.5,17.51,17.5,17.505,12874
1704813780,2024-01-09T10:23:00.000-05:00,17.505,17.505,17.495,17.495,25427
1704813840,2024-01-09T10:24:00.000-05:00,17.49,17.495,17.4897,17.49,11700
1704813900,2024-01-09T10:25:00.000-05:00,17.49,17.5,17.48,17.49,33546
1704813960,2024-01-09T10:26:00.000-05:00,17.5,17.5,17.495,17.495,33615
1704814020,2024-01-09T10:27:00.000-05:00,17.49,17.51,17.485,17.5,48683
1704814080,2024-01-09T10:28:00.000-05:00,17.505,17.505,17.485,17.495,76267
1704814140,2024-01-09T10:29:00.000-05:00,17.4915,17.505,17.49,17.505,26976
1704814200,2024-01-09T10:30:00.000-05:00,17.505,17.51,17.4999,17.5,16678
1704814260,2024-01-09T10:31:00.000-05:00,17.4957,17.51,17.495,17.51,58465
1704814320,2024-01-09T10:32:00.000-05:00,17.51,17.5185,17.5,17.5,38028
1704814380,2024-01-09T10:33:00.000-05:00,17.5,17.52,17.5,17.515,17167
1704814440,2024-01-09T10:34:00.000-05:00,17.515,17.515,17.5025,17.5032,11790
1704814500,2024-01-09T10:35:00.000-05:00,17.505,17.51,17.4946,17.4961,14510
1704814560,2024-01-09T10:36:00.000-05:00,17.5,17.5193,17.495,17.505,113058
1704814620,2024-01-09T10:37:00.000-05:00,17.5,17.52,17.5,17.52,9022
1704814680,2024-01-09T10:38:00.000-05:00,17.52,17.535,17.52,17.528,21787
1704814740,2024-01-09T10:39:00.000-05:00,17.5239,17.57,17.5239,17.5691,97369
1704814800,2024-01-09T10:40:00.000-05:00,17.565,17.59,17.565,17.58,46803
1704814860,2024-01-09T10:41:00.000-05:00,17.575,17.575,17.55,17.575,108414
1704814920,2024-01-09T10:42:00.000-05:00,17.575,17.59,17.56,17.59,131558
1704814980,2024-01-09T10:43:00.000-05:00,17.58,17.605,17.563,17.563,55263
1704815040,2024-01-09T10:44:00.000-05:00,17.563,17.563,17.545,17.555,34341
1704815100,2024-01-09T10:45:00.000-05:00,17.56,17.5715,17.555,17.5715,33627
1704815160,2024-01-09T10:46:00.000-05:00,17.5785,17.5785,17.555,17.5597,27646
1704815220,2024-01-09T10:47:00.000-05:00,17.555,17.575,17.555,17.575,50177
1704815280,2024-01-09T10:48:00.000-05:00,17.575,17.58,17.57,17.5701,14625
1704815340,2024-01-09T10:49:00.000-05:00,17.575,17.58,17.57,17.57,20499
1704815400,2024-01-09T10:50:00.000-05:00,17.575,17.575,17.56,17.565,20768
1704815460,2024-01-09T10:51:00.000-05:00,17.565,17.565,17.545,17.545,43009
1704815520,2024-01-09T10:52:00.000-05:00,17.54,17.54,17.53,17.53,35937
1704815580,2024-01-09T10:53:00.000-05:00,17.52,17.52,17.5,17.505,22715
1704815640,2024-01-09T10:54:00.000-05:00,17.505,17.505,17.485,17.495,45910
1704815700,2024-01-09T10:55:00.000-05:00,17.49,17.5,17.49,17.5,14582
1704815760,2024-01-09T10:56:00.000-05:00,17.49,17.51,17.49,17.49,60643
1704815820,2024-01-09T10:57:00.000-05:00,17.4906,17.4906,17.455,17.455,73038
1704815880,2024-01-09T10:58:00.000-05:00,17.4555,17.46,17.45,17.45,12463
1704815940,2024-01-09T10:59:00.000-05:00,17.455,17.46,17.42,17.42,53014
1704816000,2024-01-09T11:00:00.000-05:00,17.425,17.4285,17.4,17.405,68966
1704816060,2024-01-09T11:01:00.000-05:00,17.4001,17.41,17.395,17.41,35209
1704816120,2024-01-09T11:02:00.000-05:00,17.4085,17.4257,17.405,17.415,66621
1704816180,2024-01-09T11:03:00.000-05:00,17.415,17.42,17.41,17.4198,15199
1704816240,2024-01-09T11:04:00.000-05:00,17.41,17.435,17.41,17.425,56039
1704816300,2024-01-09T11:05:00.000-05:00,17.42,17.42,17.39,17.395,23599
1704816360,2024-01-09T11:06:00.000-05:00,17.395,17.4,17.39,17.4,8666
1704816420,2024-01-09T11:07:00.000-05:00,17.3996,17.4,17.38,17.3803,21876
1704816480,2024-01-09T11:08:00.000-05:00,17.385,17.405,17.37,17.405,32396
1704816540,2024-01-09T11:09:00.000-05:00,17.405,17.409,17.395,17.395,35910
1704816600,2024-01-09T11:10:00.000-05:00,17.395,17.41,17.39,17.405,23122
1704816660,2024-01-09T11:11:00.000-05:00,17.4096,17.42,17.405,17.415,39363
1704816720,2024-01-09T11:12:00.000-05:00,17.41,17.42,17.4,17.41,28027
1704816780,2024-01-09T11:13:00.000-05:00,17.415,17.415,17.4,17.41,20143
1704816840,2024-01-09T11:14:00.000-05:00,17.41,17.41,17.4,17.41,12759
1704816900,2024-01-09T11:15:00.000-05:00,17.4,17.405,17.3801,17.395,29725
1704816960,2024-01-09T11:16:00.000-05:00,17.3999,17.4199,17.395,17.405,42965
1704817020,2024-01-09T11:17:00.000-05:00,17.401,17.4099,17.39,17.4099,31223
1704817080,2024-01-09T11:18:00.000-05:00,17.4068,17.425,17.405,17.425,13159
1704817140,2024-01-09T11:19:00.000-05:00,17.42,17.425,17.4,17.405,10411
1704817200,2024-01-09T11:20:00.000-05:00,17.4,17.405,17.4,17.405,2151
1704817260,2024-01-09T11:21:00.000-05:00,17.41,17.41,17.4,17.405,33300
1704817320,2024-01-09T11:22:00.000-05:00,17.41,17.42,17.405,17.415,14620
1704817380,2024-01-09T11:23:00.000-05:00,17.415,17.43,17.41,17.425,12204
1704817440,2024-01-09T11:24:00.000-05:00,17.43,17.445,17.4298,17.445,37151
1704817500,2024-01-09T11:25:00.000-05:00,17.4497,17.4551,17.44,17.455,17026
1704817560,2024-01-09T11:26:00.000-05:00,17.45,17.46,17.45,17.455,24563
1704817620,2024-01-09T11:27:00.000-05:00,17.45,17.46,17.45,17.4532,6957
1704817680,2024-01-09T11:28:00.000-05:00,17.4501,17.4501,17.42,17.42,16175
1704817740,2024-01-09T11:29:00.000-05:00,17.415,17.4299,17.41,17.4299,18591
1704817800,2024-01-09T11:30:00.000-05:00,17.425,17.445,17.425,17.4358,39153
1704817860,2024-01-09T11:31:00.000-05:00,17.44,17.45,17.44,17.44,6652
1704817920,2024-01-09T11:32:00.000-05:00,17.445,17.45,17.435,17.435,37499
1704817980,2024-01-09T11:33:00.000-05:00,17.4398,17.455,17.4398,17.455,23873
1704818040,2024-01-09T11:34:00.000-05:00,17.45,17.46,17.45,17.455,5173
1704818100,2024-01-09T11:35:00.000-05:00,17.45,17.46,17.45,17.46,19395
1704818160,2024-01-09T11:36:00.000-05:00,17.45,17.46,17.44,17.45,26970
1704818220,2024-01-09T11:37:00.000-05:00,17.46,17.46,17.45,17.45,25569
1704818280,2024-01-09T11:38:00.000-05:00,17.455,17.455,17.45,17.4538,1440
1704818340,2024-01-09T11:39:00.000-05:00,17.4525,17.455,17.44,17.45,20956
1704818400,2024-01-09T11:40:00.000-05:00,17.445,17.45,17.44,17.44,22416
1704818460,2024-01-09T11:41:00.000-05:00,17.444,17.445,17.44,17.4415,8006
1704818520,2024-01-09T11:42:00.000-05:00,17.4482,17.4482,17.42,17.425,40365
1704818580,2024-01-09T11:43:00.000-05:00,17.4285,17.435,17.425,17.4301,21112
1704818640,2024-01-09T11:44:00.000-05:00,17.44,17.45,17.435,17.44,27909
1704818700,2024-01-09T11:45:00.000-05:00,17.4485,17.45,17.44,17.44,9616
1704818760,2024-01-09T11:46:00.000-05:00,17.45,17.455,17.44,17.44,27456
1704818820,2024-01-09T11:47:00.000-05:00,17.44,17.445,17.43,17.445,21860
1704818880,2024-01-09T11:48:00.000-05:00,17.445,17.45,17.4446,17.445,12283
1704818940,2024-01-09T11:49:00.000-05:00,17.44,17.46,17.44,17.445,40968
1704819000,2024-01-09T11:50:00.000-05:00,17.445,17.46,17.445,17.455,59560
1704819060,2024-01-09T11:51:00.000-05:00,17.46,17.46,17.455,17.455,3312
1704819120,2024-01-09T11:52:00.000-05:00,17.45,17.455,17.45,17.455,4941
1704819180,2024-01-09T11:53:00.000-05:00,17.45,17.4581,17.45,17.45,3203
1704819240,2024-01-09T11:54:00.000-05:00,17.45,17.455,17.445,17.445,9444
1704819300,2024-01-09T11:55:00.000-05:00,17.445,17.465,17.445,17.465,27468
1704819360,2024-01-09T11:56:00.000-05:00,17.4672,17.47,17.46,17.47,6741
1704819420,2024-01-09T11:57:00.000-05:00,17.47,17.48,17.465,17.475,6679
1704819480,2024-01-09T11:58:00.000-05:00,17.48,17.48,17.47,17.475,11180
1704819540,2024-01-09T11:59:00.000-05:00,17.475,17.5,17.475,17.485,60564
1704819600,2024-01-09T12:00:00.000-05:00,17.485,17.49,17.48,17.4805,19098
1704819660,2024-01-09T12:01:00.000-05:00,17.48,17.485,17.475,17.475,11366
1704819720,2024-01-09T12:02:00.000-05:00,17.48,17.48,17.47,17.475,24949
1704819780,2024-01-09T12:03:00.000-05:00,17.475,17.48,17.46,17.46,28097
1704819840,2024-01-09T12:04:00.000-05:00,17.46,17.465,17.4523,17.465,36575
1704819900,2024-01-09T12:05:00.000-05:00,17.465,17.465,17.455,17.46,9504
1704819960,2024-01-09T12:06:00.000-05:00,17.4588,17.465,17.4588,17.4602,10361
1704820020,2024-01-09T12:07:00.000-05:00,17.465,17.48,17.465,17.4725,17219
1704820080,2024-01-09T12:08:00.000-05:00,17.475,17.475,17.4718,17.4718,2511
1704820140,2024-01-09T12:09:00.000-05:00,17.475,17.4752,17.47,17.475,3342
1704820200,2024-01-09T12:10:00.000-05:00,17.4774,17.4855,17.4725,17.485,20277
1704820260,2024-01-09T12:11:00.000-05:00,17.49,17.49,17.485,17.485,14461
1704820320,2024-01-09T12:12:00.000-05:00,17.48,17.4894,17.48,17.4894,4770
1704820380,2024-01-09T12:13:00.000-05:00,17.49,17.51,17.4821,17.5099,52709
1704820440,2024-01-09T12:14:00.000-05:00,17.505,17.508,17.5,17.5,12664
1704820500,2024-01-09T12:15:00.000-05:00,17.5,17.5,17.495,17.5,20615
1704820560,2024-01-09T12:16:00.000-05:00,17.495,17.5,17.48,17.48,26084
1704820620,2024-01-09T12:17:00.000-05:00,17.485,17.49,17.47,17.47,9947
1704820680,2024-01-09T12:18:00.000-05:00,17.47,17.47,17.46,17.465,7800
1704820740,2024-01-09T12:19:00.000-05:00,17.47,17.475,17.46,17.475,16242
1704820800,2024-01-09T12:20:00.000-05:00,17.47,17.48,17.47,17.4717,5275
1704820860,2024-01-09T12:21:00.000-05:00,17.475,17.49,17.475,17.4805,18304
1704820920,2024-01-09T12:22:00.000-05:00,17.4881,17.5,17.485,17.495,40711
1704820980,2024-01-09T12:23:00.000-05:00,17.495,17.5,17.495,17.495,4005
1704821040,2024-01-09T12:24:00.000-05:00,17.5,17.51,17.49,17.51,16465
1704821100,2024-01-09T12:25:00.000-05:00,17.51,17.51,17.5009,17.5009,7878
1704821160,2024-01-09T12:26:00.000-05:00,17.508,17.51,17.5,17.505,17424
1704821220,2024-01-09T12:27:00.000-05:00,17.505,17.52,17.505,17.515,15500
1704821280,2024-01-09T12:28:00.000-05:00,17.515,17.525,17.51,17.515,42890
1704821340,2024-01-09T12:29:00.000-05:00,17.515,17.52,17.5,17.5095,34943
1704821400,2024-01-09T12:30:00.000-05:00,17.505,17.52,17.505,17.505,30347
1704821460,2024-01-09T12:31:00.000-05:00,17.505,17.508,17.49,17.495,14090
1704821520,2024-01-09T12:32:00.000-05:00,17.495,17.5,17.495,17.495,13249
1704821580,2024-01-09T12:33:00.000-05:00,17.49,17.4911,17.49,17.49,5625
1704821640,2024-01-09T12:34:00.000-05:00,17.49,17.495,17.48,17.4845,11521
1704821700,2024-01-09T12:35:00.000-05:00,17.48,17.485,17.48,17.485,12167
1704821760,2024-01-09T12:36:00.000-05:00,17.48,17.4899,17.48,17.4824,21222
1704821820,2024-01-09T12:37:00.000-05:00,17.49,17.49,17.48,17.4825,14667
1704821880,2024-01-09T12:38:00.000-05:00,17.485,17.485,17.47,17.475,54493
1704821940,2024-01-09T12:39:00.000-05:00,17.475,17.48,17.46,17.46,27202
1704822000,2024-01-09T12:40:00.000-05:00,17.465,17.465,17.4401,17.445,35477
1704822060,2024-01-09T12:41:00.000-05:00,17.44,17.455,17.44,17.455,29603
1704822120,2024-01-09T12:42:00.000-05:00,17.45,17.465,17.45,17.46,26465
1704822180,2024-01-09T12:43:00.000-05:00,17.465,17.465,17.455,17.455,19047
1704822240,2024-01-09T12:44:00.000-05:00,17.45,17.455,17.44,17.445,12965
1704822300,2024-01-09T12:45:00.000-05:00,17.45,17.46,17.44,17.455,26120
1704822360,2024-01-09T12:46:00.000-05:00,17.46,17.4658,17.455,17.465,35903
1704822420,2024-01-09T12:47:00.000-05:00,17.4665,17.4699,17.45,17.455,19685
1704822480,2024-01-09T12:48:00.000-05:00,17.46,17.46,17.45,17.45,6032
1704822540,2024-01-09T12:49:00.000-05:00,17.455,17.455,17.45,17.455,2429
1704822600,2024-01-09T12:50:00.000-05:00,17.45,17.4581,17.45,17.4502,9500
1704822660,2024-01-09T12:51:00.000-05:00,17.45,17.455,17.45,17.455,7990
1704822720,2024-01-09T12:52:00.000-05:00,17.455,17.46,17.45,17.455,19267
1704822780,2024-01-09T12:53:00.000-05:00,17.455,17.47,17.45,17.469,45220
1704822840,2024-01-09T12:54:00.000-05:00,17.4631,17.475,17.46,17.475,19924
1704822900,2024-01-09T12:55:00.000-05:00,17.47,17.475,17.465,17.465,34848
1704822960,2024-01-09T12:56:00.000-05:00,17.47,17.47,17.4601,17.4601,3090
1704823020,2024-01-09T12:57:00.000-05:00,17.462,17.475,17.46,17.475,35809
1704823080,2024-01-09T12:58:00.000-05:00,17.475,17.475,17.47,17.475,3322
1704823140,2024-01-09T12:59:00.000-05:00,17.475,17.475,17.47,17.47,4419
1704823200,2024-01-09T13:00:00.000-05:00,17.46,17.4653,17.46,17.46,15105
1704823260,2024-01-09T13:01:00.000-05:00,17.46,17.465,17.45,17.45,16876
1704823320,2024-01-09T13:02:00.000-05:00,17.455,17.49,17.455,17.47,126270
1704823380,2024-01-09T13:03:00.000-05:00,17.475,17.48,17.47,17.477,22788
1704823440,2024-01-09T13:04:00.000-05:00,17.47,17.4781,17.47,17.4781,1144
1704823500,2024-01-09T13:05:00.000-05:00,17.47,17.475,17.455,17.455,11751
1704823560,2024-01-09T13:06:00.000-05:00,17.4502,17.459,17.44,17.44,38216
1704823620,2024-01-09T13:07:00.000-05:00,17.445,17.4485,17.44,17.44,22767
1704823680,2024-01-09T13:08:00.000-05:00,17.4403,17.442,17.43,17.43,19777
1704823740,2024-01-09T13:09:00.000-05:00,17.44,17.44,17.43,17.435,17244
1704823800,2024-01-09T13:10:00.000-05:00,17.435,17.44,17.4331,17.435,3657
1704823860,2024-01-09T13:11:00.000-05:00,17.435,17.45,17.435,17.45,6401
1704823920,2024-01-09T13:12:00.000-05:00,17.44,17.4495,17.44,17.44,4639
1704823980,2024-01-09T13:13:00.000-05:00,17.4466,17.46,17.445,17.45,8215
1704824040,2024-01-09T13:14:00.000-05:00,17.4599,17.4599,17.44,17.455,36680
1704824100,2024-01-09T13:15:00.000-05:00,17.455,17.455,17.44,17.455,28798
1704824160,2024-01-09T13:16:00.000-05:00,17.45,17.475,17.45,17.475,28316
1704824220,2024-01-09T13:17:00.000-05:00,17.47,17.475,17.46,17.47,18012
1704824280,2024-01-09T13:18:00.000-05:00,17.4703,17.4704,17.45,17.4563,9604
1704824340,2024-01-09T13:19:00.000-05:00,17.45,17.46,17.45,17.46,10876
1704824400,2024-01-09T13:20:00.000-05:00,17.455,17.475,17.455,17.47,4273
1704824460,2024-01-09T13:21:00.000-05:00,17.4702,17.48,17.47,17.475,7049
1704824520,2024-01-09T13:22:00.000-05:00,17.47,17.475,17.46,17.46,42838
1704824580,2024-01-09T13:23:00.000-05:00,17.46,17.4682,17.46,17.4682,9993
1704824640,2024-01-09T13:24:00.000-05:00,17.46,17.47,17.45,17.46,63606
1704824700,2024-01-09T13:25:00.000-05:00,17.46,17.465,17.46,17.465,30740
1704824760,2024-01-09T13:26:00.000-05:00,17.465,17.465,17.46,17.465,2672
1704824820,2024-01-09T13:27:00.000-05:00,17.465,17.48,17.465,17.47,32851
1704824880,2024-01-09T13:28:00.000-05:00,17.48,17.48,17.47,17.4781,8070
1704824940,2024-01-09T13:29:00.000-05:00,17.475,17.48,17.47,17.47,24137
1704825000,2024-01-09T13:30:00.000-05:00,17.48,17.485,17.46,17.4604,75167
1704825060,2024-01-09T13:31:00.000-05:00,17.46,17.465,17.45,17.465,39534
1704825120,2024-01-09T13:32:00.000-05:00,17.4618,17.4656,17.455,17.455,15833
1704825180,2024-01-09T13:33:00.000-05:00,17.455,17.46,17.44,17.445,28086
1704825240,2024-01-09T13:34:00.000-05:00,17.44,17.45,17.44,17.45,5447
1704825300,2024-01-09T13:35:00.000-05:00,17.45,17.455,17.44,17.455,32942
1704825360,2024-01-09T13:36:00.000-05:00,17.455,17.458,17.44,17.4401,20078
1704825420,2024-01-09T13:37:00.000-05:00,17.44,17.445,17.43,17.44,39737
1704825480,2024-01-09T13:38:00.000-05:00,17.445,17.45,17.441,17.4499,10037
1704825540,2024-01-09T13:39:00.000-05:00,17.44,17.45,17.44,17.445,6156
1704825600,2024-01-09T13:40:00.000-05:00,17.4414,17.45,17.44,17.445,9264
1704825660,2024-01-09T13:41:00.000-05:00,17.445,17.445,17.43,17.435,26619
1704825720,2024-01-09T13:42:00.000-05:00,17.435,17.44,17.43,17.435,24627
1704825780,2024-01-09T13:43:00.000-05:00,17.44,17.44,17.42,17.43,40295
1704825840,2024-01-09T13:44:00.000-05:00,17.425,17.43,17.42,17.425,18239
1704825900,2024-01-09T13:45:00.000-05:00,17.425,17.44,17.423,17.44,34928
1704825960,2024-01-09T13:46:00.000-05:00,17.44,17.45,17.44,17.45,34925
1704826020,2024-01-09T13:47:00.000-05:00,17.45,17.46,17.45,17.455,63069
1704826080,2024-01-09T13:48:00.000-05:00,17.45,17.455,17.44,17.4515,97324
1704826140,2024-01-09T13:49:00.000-05:00,17.4529,17.47,17.4529,17.47,42942
1704826200,2024-01-09T13:50:00.000-05:00,17.465,17.465,17.455,17.457,69504
1704826260,2024-01-09T13:51:00.000-05:00,17.455,17.46,17.45,17.45,26237
1704826320,2024-01-09T13:52:00.000-05:00,17.46,17.48,17.45,17.475,38524
1704826380,2024-01-09T13:53:00.000-05:00,17.48,17.48,17.46,17.46,26228
1704826440,2024-01-09T13:54:00.000-05:00,17.465,17.465,17.45,17.46,53081
1704826500,2024-01-09T13:55:00.000-05:00,17.455,17.46,17.45,17.455,37570
1704826560,2024-01-09T13:56:00.000-05:00,17.455,17.465,17.45,17.465,39145
1704826620,2024-01-09T13:57:00.000-05:00,17.465,17.47,17.46,17.465,25829
1704826680,2024-01-09T13:58:00.000-05:00,17.46,17.48,17.46,17.48,25984
1704826740,2024-01-09T13:59:00.000-05:00,17.475,17.475,17.46,17.4604,29193
1704826800,2024-01-09T14:00:00.000-05:00,17.465,17.4693,17.455,17.465,59131
1704826860,2024-01-09T14:01:00.000-05:00,17.4605,17.465,17.46,17.4623,11400
1704826920,2024-01-09T14:02:00.000-05:00,17.46,17.469,17.46,17.465,7428
1704826980,2024-01-09T14:03:00.000-05:00,17.4646,17.4679,17.45,17.45,25184
1704827040,2024-01-09T14:04:00.000-05:00,17.45,17.46,17.445,17.4505,60479
1704827100,2024-01-09T14:05:00.000-05:00,17.45,17.4502,17.43,17.445,104820
1704827160,2024-01-09T14:06:00.000-05:00,17.44,17.4498,17.435,17.435,65247
1704827220,2024-01-09T14:07:00.000-05:00,17.43,17.44,17.43,17.435,32801
1704827280,2024-01-09T14:08:00.000-05:00,17.435,17.435,17.42,17.43,42576
1704827340,2024-01-09T14:09:00.000-05:00,17.43,17.435,17.42,17.42,22729
1704827400,2024-01-09T14:10:00.000-05:00,17.425,17.425,17.41,17.41,30106
1704827460,2024-01-09T14:11:00.000-05:00,17.415,17.42,17.41,17.41,23338
1704827520,2024-01-09T14:12:00.000-05:00,17.4101,17.42,17.41,17.41,20934
1704827580,2024-01-09T14:13:00.000-05:00,17.4199,17.425,17.41,17.41,55891
1704827640,2024-01-09T14:14:00.000-05:00,17.415,17.415,17.4,17.405,43876
1704827700,2024-01-09T14:15:00.000-05:00,17.4061,17.4061,17.39,17.405,45229
1704827760,2024-01-09T14:16:00.000-05:00,17.4,17.407,17.39,17.395,53459
1704827820,2024-01-09T14:17:00.000-05:00,17.395,17.405,17.39,17.395,53230
1704827880,2024-01-09T14:18:00.000-05:00,17.395,17.415,17.39,17.41,82260
1704827940,2024-01-09T14:19:00.000-05:00,17.41,17.42,17.41,17.41,54345
1704828000,2024-01-09T14:20:00.000-05:00,17.417,17.425,17.41,17.42,26950
1704828060,2024-01-09T14:21:00.000-05:00,17.42,17.425,17.41,17.425,67591
1704828120,2024-01-09T14:22:00.000-05:00,17.425,17.43,17.42,17.425,13563
1704828180,2024-01-09T14:23:00.000-05:00,17.4239,17.43,17.42,17.43,13193
1704828240,2024-01-09T14:24:00.000-05:00,17.43,17.44,17.43,17.4343,15381
1704828300,2024-01-09T14:25:00.000-05:00,17.4341,17.4399,17.43,17.43,29550
1704828360,2024-01-09T14:26:00.000-05:00,17.435,17.44,17.43,17.43,17943
1704828420,2024-01-09T14:27:00.000-05:00,17.435,17.435,17.42,17.425,38270
1704828480,2024-01-09T14:28:00.000-05:00,17.425,17.425,17.41,17.415,59108
1704828540,2024-01-09T14:29:00.000-05:00,17.41,17.42,17.41,17.415,20746
1704828600,2024-01-09T14:30:00.000-05:00,17.415,17.43,17.41,17.43,20889
1704828660,2024-01-09T14:31:00.000-05:00,17.425,17.43,17.42,17.43,21606
1704828720,2024-01-09T14:32:00.000-05:00,17.43,17.43,17.42,17.43,19363
1704828780,2024-01-09T14:33:00.000-05:00,17.43,17.445,17.43,17.44,41174
1704828840,2024-01-09T14:34:00.000-05:00,17.4404,17.45,17.44,17.45,18894
1704828900,2024-01-09T14:35:00.000-05:00,17.445,17.445,17.43,17.43,32030
1704828960,2024-01-09T14:36:00.000-05:00,17.43,17.435,17.43,17.435,6240
1704829020,2024-01-09T14:37:00.000-05:00,17.432,17.4399,17.43,17.4313,6342
1704829080,2024-01-09T14:38:00.000-05:00,17.435,17.44,17.43,17.44,15856
1704829140,2024-01-09T14:39:00.000-05:00,17.44,17.44,17.43,17.44,14588
1704829200,2024-01-09T14:40:00.000-05:00,17.44,17.44,17.415,17.415,32558
1704829260,2024-01-09T14:41:00.000-05:00,17.4101,17.425,17.41,17.4136,45054
1704829320,2024-01-09T14:42:00.000-05:00,17.415,17.4183,17.41,17.415,6081
1704829380,2024-01-09T14:43:00.000-05:00,17.415,17.415,17.41,17.41,3470
1704829440,2024-01-09T14:44:00.000-05:00,17.415,17.415,17.4,17.405,24700
1704829500,2024-01-09T14:45:00.000-05:00,17.41,17.41,17.4,17.405,25852
1704829560,2024-01-09T14:46:00.000-05:00,17.405,17.425,17.4,17.42,88612
1704829620,2024-01-09T14:47:00.000-05:00,17.415,17.42,17.415,17.42,6929
1704829680,2024-01-09T14:48:00.000-05:00,17.415,17.43,17.415,17.425,22008
1704829740,2024-01-09T14:49:00.000-05:00,17.425,17.44,17.425,17.435,30174
1704829800,2024-01-09T14:50:00.000-05:00,17.435,17.44,17.43,17.435,18368
1704829860,2024-01-09T14:51:00.000-05:00,17.435,17.44,17.43,17.43,47110
1704829920,2024-01-09T14:52:00.000-05:00,17.435,17.44,17.43,17.44,6656
1704829980,2024-01-09T14:53:00.000-05:00,17.435,17.445,17.433,17.445,16736
1704830040,2024-01-09T14:54:00.000-05:00,17.44,17.46,17.44,17.45,29543
1704830100,2024-01-09T14:55:00.000-05:00,17.45,17.455,17.43,17.435,69357
1704830160,2024-01-09T14:56:00.000-05:00,17.435,17.435,17.43,17.435,2440
1704830220,2024-01-09T14:57:00.000-05:00,17.435,17.435,17.43,17.43,10386
1704830280,2024-01-09T14:58:00.000-05:00,17.435,17.44,17.43,17.435,4323
1704830340,2024-01-09T14:59:00.000-05:00,17.43,17.44,17.43,17.435,11330
1704830400,2024-01-09T15:00:00.000-05:00,17.4397,17.45,17.435,17.45,34051
1704830460,2024-01-09T15:01:00.000-05:00,17.45,17.46,17.45,17.46,32723
1704830520,2024-01-09T15:02:00.000-05:00,17.45,17.455,17.445,17.455,32415
1704830580,2024-01-09T15:03:00.000-05:00,17.455,17.46,17.45,17.46,6047
1704830640,2024-01-09T15:04:00.000-05:00,17.45,17.465,17.45,17.465,43767
1704830700,2024-01-09T15:05:00.000-05:00,17.465,17.47,17.46,17.4699,29918
1704830760,2024-01-09T15:06:00.000-05:00,17.46,17.47,17.455,17.465,55246
1704830820,2024-01-09T15:07:00.000-05:00,17.465,17.47,17.46,17.465,10579
1704830880,2024-01-09T15:08:00.000-05:00,17.465,17.47,17.45,17.455,39222
1704830940,2024-01-09T15:09:00.000-05:00,17.455,17.46,17.4501,17.4595,44330
1704831000,2024-01-09T15:10:00.000-05:00,17.46,17.48,17.4599,17.475,16986
1704831060,2024-01-09T15:11:00.000-05:00,17.475,17.48,17.47,17.4793,15612
1704831120,2024-01-09T15:12:00.000-05:00,17.48,17.4875,17.465,17.465,67287
1704831180,2024-01-09T15:13:00.000-05:00,17.465,17.47,17.46,17.465,26212
1704831240,2024-01-09T15:14:00.000-05:00,17.465,17.47,17.4522,17.4583,22992
1704831300,2024-01-09T15:15:00.000-05:00,17.455,17.465,17.45,17.455,56419
1704831360,2024-01-09T15:16:00.000-05:00,17.4505,17.46,17.45,17.455,40025
1704831420,2024-01-09T15:17:00.000-05:00,17.46,17.46,17.45,17.45,20476
1704831480,2024-01-09T15:18:00.000-05:00,17.4502,17.4502,17.44,17.4482,32425
1704831540,2024-01-09T15:19:00.000-05:00,17.445,17.45,17.44,17.445,22251
1704831600,2024-01-09T15:20:00.000-05:00,17.4421,17.45,17.44,17.45,20043
1704831660,2024-01-09T15:21:00.000-05:00,17.4496,17.46,17.4457,17.46,44400
1704831720,2024-01-09T15:22:00.000-05:00,17.455,17.46,17.45,17.455,5603
1704831780,2024-01-09T15:23:00.000-05:00,17.45,17.455,17.44,17.44,50711
1704831840,2024-01-09T15:24:00.000-05:00,17.44,17.441,17.43,17.435,74897
1704831900,2024-01-09T15:25:00.000-05:00,17.435,17.4358,17.43,17.43,9421
1704831960,2024-01-09T15:26:00.000-05:00,17.43,17.435,17.43,17.43,9291
1704832020,2024-01-09T15:27:00.000-05:00,17.43,17.4354,17.43,17.43,10164
1704832080,2024-01-09T15:28:00.000-05:00,17.43,17.435,17.42,17.42,25266
1704832140,2024-01-09T15:29:00.000-05:00,17.42,17.425,17.41,17.41,80835
1704832200,2024-01-09T15:30:00.000-05:00,17.41,17.4199,17.41,17.41,12901
1704832260,2024-01-09T15:31:00.000-05:00,17.4114,17.415,17.4,17.415,112136
1704832320,2024-01-09T15:32:00.000-05:00,17.415,17.42,17.41,17.415,34724
1704832380,2024-01-09T15:33:00.000-05:00,17.415,17.4299,17.41,17.42,48507
1704832440,2024-01-09T15:34:00.000-05:00,17.42,17.425,17.41,17.41,85703
1704832500,2024-01-09T15:35:00.000-05:00,17.4101,17.42,17.4,17.41,107325
1704832560,2024-01-09T15:36:00.000-05:00,17.42,17.42,17.41,17.41,24338
1704832620,2024-01-09T15:37:00.000-05:00,17.415,17.425,17.41,17.41,98782
1704832680,2024-01-09T15:38:00.000-05:00,17.413,17.4199,17.41,17.415,16843
1704832740,2024-01-09T15:39:00.000-05:00,17.4181,17.42,17.41,17.41,26787
1704832800,2024-01-09T15:40:00.000-05:00,17.415,17.42,17.4,17.4,39006
1704832860,2024-01-09T15:41:00.000-05:00,17.405,17.41,17.4,17.41,41750
1704832920,2024-01-09T15:42:00.000-05:00,17.41,17.42,17.4,17.41,84750
1704832980,2024-01-09T15:43:00.000-05:00,17.41,17.42,17.41,17.415,75452
1704833040,2024-01-09T15:44:00.000-05:00,17.415,17.42,17.41,17.42,36130
1704833100,2024-01-09T15:45:00.000-05:00,17.415,17.42,17.41,17.415,36607
1704833160,2024-01-09T15:46:00.000-05:00,17.4136,17.42,17.41,17.41,37377
1704833220,2024-01-09T15:47:00.000-05:00,17.4117,17.42,17.41,17.415,33049
1704833280,2024-01-09T15:48:00.000-05:00,17.415,17.43,17.41,17.425,102344
1704833340,2024-01-09T15:49:00.000-05:00,17.425,17.44,17.42,17.439,114186
1704833400,2024-01-09T15:50:00.000-05:00,17.435,17.47,17.435,17.47,227683
1704833460,2024-01-09T15:51:00.000-05:00,17.465,17.48,17.46,17.475,81550
1704833520,2024-01-09T15:52:00.000-05:00,17.475,17.49,17.47,17.475,240457
1704833580,2024-01-09T15:53:00.000-05:00,17.48,17.48,17.46,17.465,117189
1704833640,2024-01-09T15:54:00.000-05:00,17.47,17.47,17.46,17.465,57210
1704833700,2024-01-09T15:55:00.000-05:00,17.465,17.47,17.44,17.44,271447
1704833760,2024-01-09T15:56:00.000-05:00,17.44,17.443,17.43,17.435,149671
1704833820,2024-01-09T15:57:00.000-05:00,17.4399,17.44,17.425,17.425,162116
1704833880,2024-01-09T15:58:00.000-05:00,17.425,17.43,17.42,17.425,158691
1704833940,2024-01-09T15:59:00.000-05:00,17.43,17.43,17.4,17.4,433213
1704834000,2024-01-09T16:00:00.000-05:00,17.4,17.4,17.4,17.4,526758
1704834240,2024-01-09T16:04:00.000-05:00,17.4,17.4,17.4,17.4,3064
1704835380,2024-01-09T16:23:00.000-05:00,17.41,17.41,17.41,17.41,1016
1704835620,2024-01-09T16:27:00.000-05:00,17.4102,17.4102,17.4102,17.4102,500
1704835680,2024-01-09T16:28:00.000-05:00,17.4197,17.4197,17.4197,17.4197,201
1704835740,2024-01-09T16:29:00.000-05:00,17.41,17.41,17.41,17.41,502
1704836040,2024-01-09T16:34:00.000-05:00,17.41,17.4101,17.41,17.4101,2090
1704836160,2024-01-09T16:36:00.000-05:00,17.42,17.42,17.42,17.42,100
1704836340,2024-01-09T16:39:00.000-05:00,17.4199,17.4199,17.4199,17.4199,300
1704836400,2024-01-09T16:40:00.000-05:00,17.42,17.42,17.42,17.42,500
1704836520,2024-01-09T16:42:00.000-05:00,17.42,17.42,17.42,17.42,1637
1704836580,2024-01-09T16:43:00.000-05:00,17.44,17.44,17.44,17.44,2504
1704836880,2024-01-09T16:48:00.000-05:00,17.43,17.43,17.43,17.43,268
1704837180,2024-01-09T16:53:00.000-05:00,17.43,17.43,17.43,17.43,1000
1704837540,2024-01-09T16:59:00.000-05:00,17.43,17.43,17.43,17.43,600
1704838920,2024-01-09T17:22:00.000-05:00,17.4303,17.4303,17.4303,17.4303,160
1704838980,2024-01-09T17:23:00.000-05:00,17.43,17.43,17.43,17.43,200
1704839160,2024-01-09T17:26:00.000-05:00,17.4301,17.4301,17.4301,17.4301,265
1704839880,2024-01-09T17:38:00.000-05:00,17.44,17.44,17.44,17.44,900
1704840540,2024-01-09T17:49:00.000-05:00,17.46,17.46,17.46,17.46,300
1704840780,2024-01-09T17:53:00.000-05:00,17.46,17.46,17.46,17.46,3727
1704841020,2024-01-09T17:57:00.000-05:00,17.45,17.451,17.45,17.451,1202
1704841080,2024-01-09T17:58:00.000-05:00,17.45,17.45,17.44,17.44,5765
1704841140,2024-01-09T17:59:00.000-05:00,17.44,17.44,17.44,17.44,1500
1704842640,2024-01-09T18:24:00.000-05:00,17.4837,17.4837,17.45,17.45,600
1704844440,2024-01-09T18:54:00.000-05:00,17.4394,17.4394,17.4394,17.4394,1494
1704845280,2024-01-09T19:08:00.000-05:00,17.48,17.48,17.48,17.48,1054
1704848040,2024-01-09T19:54:00.000-05:00,17.45,17.45,17.45,17.45,202
1704866580,2024-01-10T01:03:00.000-05:00,17.42,17.42,17.42,17.42,100
1704877200,2024-01-10T04:00:00.000-05:00,17.45,17.45,17.45,17.45,236
1704878460,2024-01-10T04:21:00.000-05:00,17.43,17.43,17.43,17.43,200
1704879060,2024-01-10T04:31:00.000-05:00,17.44,17.44,17.44,17.44,200
1704880560,2024-01-10T04:56:00.000-05:00,17.46,17.46,17.46,17.46,1000
1704881040,2024-01-10T05:04:00.000-05:00,17.47,17.47,17.47,17.47,650
1704881100,2024-01-10T05:05:00.000-05:00,17.47,17.47,17.47,17.47,304
1704881160,2024-01-10T05:06:00.000-05:00,17.47,17.47,17.47,17.47,200
1704881280,2024-01-10T05:08:00.000-05:00,17.5,17.5,17.5,17.5,100
1704881340,2024-01-10T05:09:00.000-05:00,17.5,17.5,17.5,17.5,150
1704881880,2024-01-10T05:18:00.000-05:00,17.48,17.48,17.47,17.47,1900
1704883320,2024-01-10T05:42:00.000-05:00,17.44,17.44,17.44,17.44,100
1704885960,2024-01-10T06:26:00.000-05:00,17.42,17.42,17.42,17.42,304
1704888420,2024-01-10T07:07:00.000-05:00,17.45,17.45,17.45,17.45,280
1704889080,2024-01-10T07:18:00.000-05:00,17.45,17.45,17.45,17.45,382
1704889740,2024-01-10T07:29:00.000-05:00,17.46,17.46,17.46,17.46,1001
1704889920,2024-01-10T07:32:00.000-05:00,17.4501,17.4501,17.4501,17.4501,150
1704890040,2024-01-10T07:34:00.000-05:00,17.48,17.48,17.48,17.48,2000
1704890160,2024-01-10T07:36:00.000-05:00,17.46,17.46,17.46,17.46,176
1704890220,2024-01-10T07:37:00.000-05:00,17.47,17.47,17.47,17.47,297
1704890400,2024-01-10T07:40:00.000-05:00,17.47,17.47,17.47,17.47,107
1704890640,2024-01-10T07:44:00.000-05:00,17.46,17.46,17.46,17.46,196
1704891540,2024-01-10T07:59:00.000-05:00,17.46,17.46,17.46,17.46,100
1704891780,2024-01-10T08:03:00.000-05:00,17.45,17.45,17.45,17.45,702
1704892020,2024-01-10T08:07:00.000-05:00,17.45,17.45,17.45,17.45,673
1704892080,2024-01-10T08:08:00.000-05:00,17.44,17.44,17.43,17.43,583
1704892620,2024-01-10T08:17:00.000-05:00,17.46,17.46,17.46,17.46,200
1704893940,2024-01-10T08:39:00.000-05:00,17.4497,17.4497,17.4497,17.4497,250
1704894120,2024-01-10T08:42:00.000-05:00,17.44,17.45,17.44,17.45,1810
1704894300,2024-01-10T08:45:00.000-05:00,17.45,17.45,17.45,17.45,550
1704894480,2024-01-10T08:48:00.000-05:00,17.43,17.43,17.43,17.43,1190
1704894720,2024-01-10T08:52:00.000-05:00,17.42,17.42,17.42,17.42,1050
1704895140,2024-01-10T08:59:00.000-05:00,17.43,17.43,17.42,17.42,1020
1704895200,2024-01-10T09:00:00.000-05:00,17.42,17.42,17.42,17.42,1822
1704895320,2024-01-10T09:02:00.000-05:00,17.43,17.43,17.4299,17.4299,2200
1704895380,2024-01-10T09:03:00.000-05:00,17.42,17.42,17.42,17.42,2086
1704895800,2024-01-10T09:10:00.000-05:00,17.43,17.43,17.43,17.43,148
1704895920,2024-01-10T09:12:00.000-05:00,17.43,17.43,17.42,17.42,1690
1704895980,2024-01-10T09:13:00.000-05:00,17.44,17.44,17.44,17.44,4019
1704896460,2024-01-10T09:21:00.000-05:00,17.42,17.42,17.42,17.42,1400
1704896520,2024-01-10T09:22:00.000-05:00,17.42,17.42,17.42,17.42,200
1704896580,2024-01-10T09:23:00.000-05:00,17.44,17.44,17.44,17.44,3666
1704896640,2024-01-10T09:24:00.000-05:00,17.44,17.44,17.44,17.44,1554
1704896700,2024-01-10T09:25:00.000-05:00,17.4407,17.4407,17.4407,17.4407,202
1704896760,2024-01-10T09:26:00.000-05:00,17.46,17.46,17.46,17.46,1007
1704896820,2024-01-10T09:27:00.000-05:00,17.45,17.45,17.45,17.45,300
1704896940,2024-01-10T09:29:00.000-05:00,17.45,17.46,17.45,17.46,2387
1704897000,2024-01-10T09:30:00.000-05:00,17.44,17.46,17.43,17.45,11991
1704897060,2024-01-10T09:31:00.000-05:00,17.45,17.47,17.45,17.47,8643
1704897120,2024-01-10T09:32:00.000-05:00,17.46,17.5,17.46,17.48,15602
1704897180,2024-01-10T09:33:00.000-05:00,17.48,17.52,17.48,17.48,151123
1704897240,2024-01-10T09:34:00.000-05:00,17.48,17.4801,17.455,17.48,94021
1704897300,2024-01-10T09:35:00.000-05:00,17.475,17.485,17.415,17.425,132907
1704897360,2024-01-10T09:36:00.000-05:00,17.425,17.43,17.42,17.42,17469
1704897420,2024-01-10T09:37:00.000-05:00,17.43,17.44,17.42,17.43,23295
1704897480,2024-01-10T09:38:00.000-05:00,17.42,17.44,17.415,17.44,17096
1704897540,2024-01-10T09:39:00.000-05:00,17.44,17.46,17.42,17.42,21403
1704897600,2024-01-10T09:40:00.000-05:00,17.4201,17.44,17.38,17.38,90097
1704897660,2024-01-10T09:41:00.000-05:00,17.385,17.385,17.36,17.37,22629
1704897720,2024-01-10T09:42:00.000-05:00,17.37,17.37,17.3599,17.37,15460
1704897780,2024-01-10T09:43:00.000-05:00,17.38,17.39,17.38,17.38,10835
1704897840,2024-01-10T09:44:00.000-05:00,17.38,17.41,17.37,17.41,13049
1704897900,2024-01-10T09:45:00.000-05:00,17.4,17.405,17.365,17.365,19400
1704897960,2024-01-10T09:46:00.000-05:00,17.36,17.36,17.335,17.34,62804
1704898020,2024-01-10T09:47:00.000-05:00,17.3301,17.345,17.31,17.34,179328
1704898080,2024-01-10T09:48:00.000-05:00,17.35,17.35,17.3201,17.3201,21402
1704898140,2024-01-10T09:49:00.000-05:00,17.33,17.33,17.3,17.3199,9431
1704898200,2024-01-10T09:50:00.000-05:00,17.32,17.32,17.3,17.305,20964
1704898260,2024-01-10T09:51:00.000-05:00,17.309,17.33,17.305,17.325,52951
1704898320,2024-01-10T09:52:00.000-05:00,17.325,17.33,17.318,17.32,12078
1704898380,2024-01-10T09:53:00.000-05:00,17.32,17.33,17.3132,17.3132,4709
1704898440,2024-01-10T09:54:00.000-05:00,17.32,17.34,17.32,17.34,13533
1704898500,2024-01-10T09:55:00.000-05:00,17.34,17.35,17.33,17.33,26009
1704898560,2024-01-10T09:56:00.000-05:00,17.326,17.34,17.325,17.34,20142
1704898620,2024-01-10T09:57:00.000-05:00,17.3415,17.35,17.34,17.35,10120
1704898680,2024-01-10T09:58:00.000-05:00,17.35,17.36,17.35,17.355,27951
1704898740,2024-01-10T09:59:00.000-05:00,17.3594,17.36,17.33,17.3348,29766
1704898800,2024-01-10T10:00:00.000-05:00,17.33,17.3352,17.305,17.305,14199
1704898860,2024-01-10T10:01:00.000-05:00,17.3,17.315,17.29,17.29,77397
1704898920,2024-01-10T10:02:00.000-05:00,17.285,17.29,17.26,17.26,24817
1704898980,2024-01-10T10:03:00.000-05:00,17.265,17.265,17.24,17.24,31008
1704899040,2024-01-10T10:04:00.000-05:00,17.24,17.25,17.21,17.22,55811
1704899100,2024-01-10T10:05:00.000-05:00,17.2266,17.25,17.21,17.24,45880
1704899160,2024-01-10T10:06:00.000-05:00,17.24,17.25,17.23,17.24,48865
1704899220,2024-01-10T10:07:00.000-05:00,17.2499,17.2652,17.24,17.26,19803
1704899280,2024-01-10T10:08:00.000-05:00,17.2693,17.27,17.25,17.26,42700
1704899340,2024-01-10T10:09:00.000-05:00,17.26,17.26,17.24,17.24,31082
1704899400,2024-01-10T10:10:00.000-05:00,17.24,17.255,17.23,17.2359,47106
1704899460,2024-01-10T10:11:00.000-05:00,17.24,17.25,17.22,17.25,31167
1704899520,2024-01-10T10:12:00.000-05:00,17.2497,17.26,17.2497,17.26,7395
1704899580,2024-01-10T10:13:00.000-05:00,17.2552,17.26,17.24,17.24,20049
1704899640,2024-01-10T10:14:00.000-05:00,17.245,17.245,17.22,17.22,17582
1704899700,2024-01-10T10:15:00.000-05:00,17.23,17.23,17.21,17.22,28253
1704899760,2024-01-10T10:16:00.000-05:00,17.225,17.23,17.22,17.225,27815
1704899820,2024-01-10T10:17:00.000-05:00,17.225,17.23,17.21,17.21,37100
1704899880,2024-01-10T10:18:00.000-05:00,17.215,17.2393,17.21,17.23,33183
1704899940,2024-01-10T10:19:00.000-05:00,17.235,17.2499,17.235,17.245,30496
1704900000,2024-01-10T10:20:00.000-05:00,17.24,17.245,17.23,17.235,40664
1704900060,2024-01-10T10:21:00.000-05:00,17.235,17.24,17.23,17.235,24028
1704900120,2024-01-10T10:22:00.000-05:00,17.235,17.2557,17.235,17.25,13142
1704900180,2024-01-10T10:23:00.000-05:00,17.2575,17.2575,17.22,17.2299,60348
1704900240,2024-01-10T10:24:00.000-05:00,17.225,17.23,17.21,17.21,51851
1704900300,2024-01-10T10:25:00.000-05:00,17.21,17.225,17.2,17.21,70332
1704900360,2024-01-10T10:26:00.000-05:00,17.22,17.245,17.215,17.245,34124
1704900420,2024-01-10T10:27:00.000-05:00,17.245,17.265,17.24,17.26,17617
1704900480,2024-01-10T10:28:00.000-05:00,17.27,17.2799,17.26,17.26,33751
1704900540,2024-01-10T10:29:00.000-05:00,17.265,17.265,17.25,17.255,24039
1704900600,2024-01-10T10:30:00.000-05:00,17.255,17.265,17.25,17.26,65929
1704900660,2024-01-10T10:31:00.000-05:00,17.265,17.27,17.26,17.265,39815
1704900720,2024-01-10T10:32:00.000-05:00,17.265,17.27,17.25,17.255,118566
1704900780,2024-01-10T10:33:00.000-05:00,17.255,17.265,17.24,17.245,25188
1704900840,2024-01-10T10:34:00.000-05:00,17.245,17.26,17.24,17.245,46451
1704900900,2024-01-10T10:35:00.000-05:00,17.24,17.2674,17.24,17.26,49877
1704900960,2024-01-10T10:36:00.000-05:00,17.265,17.27,17.25,17.265,26010
1704901020,2024-01-10T10:37:00.000-05:00,17.265,17.275,17.26,17.27,103197
1704901080,2024-01-10T10:38:00.000-05:00,17.28,17.28,17.26,17.2615,30981
1704901140,2024-01-10T10:39:00.000-05:00,17.26,17.27,17.25,17.26,59931
1704901200,2024-01-10T10:40:00.000-05:00,17.26,17.2654,17.26,17.26,3831
1704901260,2024-01-10T10:41:00.000-05:00,17.265,17.3,17.26,17.295,42375
1704901320,2024-01-10T10:42:00.000-05:00,17.295,17.3,17.28,17.28,9468
1704901380,2024-01-10T10:43:00.000-05:00,17.29,17.305,17.28,17.305,8001
1704901440,2024-01-10T10:44:00.000-05:00,17.305,17.31,17.29,17.3,31516
1704901500,2024-01-10T10:45:00.000-05:00,17.305,17.3115,17.3,17.3,16272
1704901560,2024-01-10T10:46:00.000-05:00,17.3,17.305,17.26,17.27,47560
1704901620,2024-01-10T10:47:00.000-05:00,17.27,17.278,17.27,17.27,7383
1704901680,2024-01-10T10:48:00.000-05:00,17.27,17.275,17.26,17.27,16815
1704901740,2024-01-10T10:49:00.000-05:00,17.2701,17.28,17.26,17.27,30653
1704901800,2024-01-10T10:50:00.000-05:00,17.275,17.28,17.27,17.275,12257
1704901860,2024-01-10T10:51:00.000-05:00,17.2722,17.3,17.27,17.29,34204
1704901920,2024-01-10T10:52:00.000-05:00,17.2935,17.2935,17.27,17.27,15596
1704901980,2024-01-10T10:53:00.000-05:00,17.27,17.279,17.26,17.26,41959
1704902040,2024-01-10T10:54:00.000-05:00,17.2615,17.2615,17.25,17.25,17666
1704902100,2024-01-10T10:55:00.000-05:00,17.255,17.2575,17.24,17.24,15990
1704902160,2024-01-10T10:56:00.000-05:00,17.24,17.25,17.23,17.245,64292
1704902220,2024-01-10T10:57:00.000-05:00,17.24,17.25,17.225,17.23,129503
1704902280,2024-01-10T10:58:00.000-05:00,17.23,17.27,17.23,17.2695,46126
1704902340,2024-01-10T10:59:00.000-05:00,17.27,17.27,17.26,17.266,15977
1704902400,2024-01-10T11:00:00.000-05:00,17.265,17.27,17.26,17.265,6783
1704902460,2024-01-10T11:01:00.000-05:00,17.265,17.28,17.2515,17.27,57473
1704902520,2024-01-10T11:02:00.000-05:00,17.2751,17.28,17.26,17.275,71447
1704902580,2024-01-10T11:03:00.000-05:00,17.27,17.29,17.27,17.285,19274
1704902640,2024-01-10T11:04:00.000-05:00,17.285,17.305,17.285,17.295,41030
1704902700,2024-01-10T11:05:00.000-05:00,17.295,17.32,17.295,17.32,16214
1704902760,2024-01-10T11:06:00.000-05:00,17.315,17.32,17.31,17.315,35780
1704902820,2024-01-10T11:07:00.000-05:00,17.32,17.32,17.3,17.315,31094
1704902880,2024-01-10T11:08:00.000-05:00,17.315,17.33,17.315,17.32,39563
1704902940,2024-01-10T11:09:00.000-05:00,17.325,17.33,17.32,17.3259,16832
1704903000,2024-01-10T11:10:00.000-05:00,17.32,17.33,17.3101,17.315,50353
1704903060,2024-01-10T11:11:00.000-05:00,17.315,17.315,17.295,17.295,77049
1704903120,2024-01-10T11:12:00.000-05:00,17.295,17.2999,17.29,17.29,7886
1704903180,2024-01-10T11:13:00.000-05:00,17.295,17.295,17.28,17.2867,85383
1704903240,2024-01-10T11:14:00.000-05:00,17.29,17.3,17.28,17.289,48965
1704903300,2024-01-10T11:15:00.000-05:00,17.285,17.29,17.265,17.2701,29609
1704903360,2024-01-10T11:16:00.000-05:00,17.269,17.29,17.265,17.285,30231
1704903420,2024-01-10T11:17:00.000-05:00,17.285,17.295,17.28,17.291,27546
1704903480,2024-01-10T11:18:00.000-05:00,17.291,17.3,17.28,17.3,14778
1704903540,2024-01-10T11:19:00.000-05:00,17.299,17.31,17.299,17.305,18977
1704903600,2024-01-10T11:20:00.000-05:00,17.3,17.315,17.3,17.3099,27252
1704903660,2024-01-10T11:21:00.000-05:00,17.3085,17.325,17.305,17.325,25549
1704903720,2024-01-10T11:22:00.000-05:00,17.325,17.325,17.31,17.3198,28198
1704903780,2024-01-10T11:23:00.000-05:00,17.3199,17.33,17.3197,17.3205,34421
1704903840,2024-01-10T11:24:00.000-05:00,17.33,17.3395,17.33,17.33,12483
1704903900,2024-01-10T11:25:00.000-05:00,17.335,17.335,17.32,17.3296,21531
1704903960,2024-01-10T11:26:00.000-05:00,17.33,17.335,17.325,17.335,27732
1704904020,2024-01-10T11:27:00.000-05:00,17.335,17.335,17.315,17.32,5434
1704904080,2024-01-10T11:28:00.000-05:00,17.32,17.32,17.31,17.31,17397
1704904140,2024-01-10T11:29:00.000-05:00,17.31,17.3184,17.31,17.31,10049
1704904200,2024-01-10T11:30:00.000-05:00,17.315,17.3174,17.31,17.31,9995
1704904260,2024-01-10T11:31:00.000-05:00,17.31,17.31,17.3,17.305,53328
1704904320,2024-01-10T11:32:00.000-05:00,17.31,17.31,17.285,17.295,54737
1704904380,2024-01-10T11:33:00.000-05:00,17.295,17.3,17.29,17.295,20998
1704904440,2024-01-10T11:34:00.000-05:00,17.295,17.305,17.29,17.301,29521
1704904500,2024-01-10T11:35:00.000-05:00,17.305,17.305,17.295,17.295,25887
1704904560,2024-01-10T11:36:00.000-05:00,17.29,17.295,17.29,17.295,7676
1704904620,2024-01-10T11:37:00.000-05:00,17.295,17.3,17.29,17.3,72710
1704904680,2024-01-10T11:38:00.000-05:00,17.305,17.31,17.29,17.29,109278
1704904740,2024-01-10T11:39:00.000-05:00,17.2984,17.2984,17.29,17.29,14724
1704904800,2024-01-10T11:40:00.000-05:00,17.295,17.3,17.29,17.2907,8779
1704904860,2024-01-10T11:41:00.000-05:00,17.3,17.3,17.29,17.295,42391
1704904920,2024-01-10T11:42:00.000-05:00,17.297,17.3,17.285,17.285,23226
1704904980,2024-01-10T11:43:00.000-05:00,17.2803,17.2887,17.28,17.285,17288
1704905040,2024-01-10T11:44:00.000-05:00,17.285,17.2875,17.28,17.2875,5719
1704905100,2024-01-10T11:45:00.000-05:00,17.285,17.2875,17.28,17.28,6996
1704905160,2024-01-10T11:46:00.000-05:00,17.2802,17.29,17.27,17.275,43937
1704905220,2024-01-10T11:47:00.000-05:00,17.27,17.276,17.26,17.26,54971
1704905280,2024-01-10T11:48:00.000-05:00,17.26,17.275,17.26,17.275,31379
1704905340,2024-01-10T11:49:00.000-05:00,17.275,17.2961,17.275,17.2903,27900
1704905400,2024-01-10T11:50:00.000-05:00,17.295,17.295,17.28,17.2809,12309
1704905460,2024-01-10T11:51:00.000-05:00,17.281,17.281,17.27,17.275,19791
1704905520,2024-01-10T11:52:00.000-05:00,17.275,17.29,17.275,17.289,14680
1704905580,2024-01-10T11:53:00.000-05:00,17.285,17.29,17.28,17.289,23908
1704905640,2024-01-10T11:54:00.000-05:00,17.2826,17.2999,17.2812,17.2888,29206
1704905700,2024-01-10T11:55:00.000-05:00,17.29,17.29,17.2745,17.28,22332
1704905760,2024-01-10T11:56:00.000-05:00,17.28,17.29,17.28,17.285,9873
1704905820,2024-01-10T11:57:00.000-05:00,17.28,17.29,17.28,17.29,1144
1704905880,2024-01-10T11:58:00.000-05:00,17.28,17.285,17.28,17.2801,5961
1704905940,2024-01-10T11:59:00.000-05:00,17.2875,17.29,17.28,17.285,6288
1704906000,2024-01-10T12:00:00.000-05:00,17.285,17.29,17.28,17.28,1540
1704906060,2024-01-10T12:01:00.000-05:00,17.2875,17.2875,17.27,17.27,22154
1704906120,2024-01-10T12:02:00.000-05:00,17.275,17.2988,17.275,17.285,101691
1704906180,2024-01-10T12:03:00.000-05:00,17.285,17.3,17.2801,17.3,31331
1704906240,2024-01-10T12:04:00.000-05:00,17.2999,17.305,17.2999,17.3004,22738
1704906300,2024-01-10T12:05:00.000-05:00,17.3001,17.31,17.3,17.3099,30418
1704906360,2024-01-10T12:06:00.000-05:00,17.305,17.315,17.3,17.315,19800
1704906420,2024-01-10T12:07:00.000-05:00,17.31,17.325,17.31,17.32,32662
1704906480,2024-01-10T12:08:00.000-05:00,17.33,17.33,17.3218,17.325,4386
1704906540,2024-01-10T12:09:00.000-05:00,17.3299,17.33,17.32,17.32,5293
1704906600,2024-01-10T12:10:00.000-05:00,17.3275,17.3275,17.31,17.31,10549
1704906660,2024-01-10T12:11:00.000-05:00,17.3111,17.315,17.3,17.305,40243
1704906720,2024-01-10T12:12:00.000-05:00,17.305,17.3055,17.29,17.29,8935
1704906780,2024-01-10T12:13:00.000-05:00,17.295,17.31,17.295,17.3,27376
1704906840,2024-01-10T12:14:00.000-05:00,17.31,17.31,17.305,17.3099,8264
1704906900,2024-01-10T12:15:00.000-05:00,17.3,17.31,17.2939,17.305,31654
1704906960,2024-01-10T12:16:00.000-05:00,17.3073,17.31,17.305,17.305,7694
1704907020,2024-01-10T12:17:00.000-05:00,17.305,17.315,17.3,17.305,45109
1704907080,2024-01-10T12:18:00.000-05:00,17.305,17.31,17.29,17.31,37299
1704907140,2024-01-10T12:19:00.000-05:00,17.31,17.315,17.3,17.315,17710
1704907200,2024-01-10T12:20:00.000-05:00,17.32,17.32,17.315,17.315,4659
1704907260,2024-01-10T12:21:00.000-05:00,17.315,17.32,17.31,17.315,23158
1704907320,2024-01-10T12:22:00.000-05:00,17.3162,17.32,17.31,17.315,30259
1704907380,2024-01-10T12:23:00.000-05:00,17.315,17.32,17.31,17.315,7772
1704907440,2024-01-10T12:24:00.000-05:00,17.3104,17.32,17.31,17.315,15668
1704907500,2024-01-10T12:25:00.000-05:00,17.3199,17.33,17.3199,17.325,21555
1704907560,2024-01-10T12:26:00.000-05:00,17.3222,17.33,17.315,17.315,23499
1704907620,2024-01-10T12:27:00.000-05:00,17.32,17.34,17.315,17.335,30949
1704907680,2024-01-10T12:28:00.000-05:00,17.335,17.34,17.33,17.335,15686
1704907740,2024-01-10T12:29:00.000-05:00,17.34,17.35,17.33,17.3407,52128
1704907800,2024-01-10T12:30:00.000-05:00,17.34,17.345,17.325,17.325,56603
1704907860,2024-01-10T12:31:00.000-05:00,17.32,17.321,17.29,17.305,41473
1704907920,2024-01-10T12:32:00.000-05:00,17.3035,17.31,17.3,17.3013,21431
1704907980,2024-01-10T12:33:00.000-05:00,17.305,17.309,17.3,17.3,13103
1704908040,2024-01-10T12:34:00.000-05:00,17.305,17.3088,17.3,17.3,11605
1704908100,2024-01-10T12:35:00.000-05:00,17.3,17.3,17.2815,17.285,24311
1704908160,2024-01-10T12:36:00.000-05:00,17.29,17.29,17.28,17.285,21042
1704908220,2024-01-10T12:37:00.000-05:00,17.29,17.29,17.28,17.285,29524
1704908280,2024-01-10T12:38:00.000-05:00,17.28,17.2899,17.28,17.28,12650
1704908340,2024-01-10T12:39:00.000-05:00,17.285,17.3,17.285,17.295,64651
1704908400,2024-01-10T12:40:00.000-05:00,17.2924,17.3,17.29,17.295,21082
1704908460,2024-01-10T12:41:00.000-05:00,17.295,17.3,17.295,17.295,6691
1704908520,2024-01-10T12:42:00.000-05:00,17.295,17.305,17.29,17.301,19605
1704908580,2024-01-10T12:43:00.000-05:00,17.305,17.32,17.3015,17.32,32540
1704908640,2024-01-10T12:44:00.000-05:00,17.32,17.33,17.319,17.3246,28937
1704908700,2024-01-10T12:45:00.000-05:00,17.33,17.335,17.321,17.335,17067
1704908760,2024-01-10T12:46:00.000-05:00,17.335,17.3377,17.33,17.335,6662
1704908820,2024-01-10T12:47:00.000-05:00,17.33,17.34,17.33,17.331,4579
1704908880,2024-01-10T12:48:00.000-05:00,17.3375,17.3375,17.33,17.33,23997
1704908940,2024-01-10T12:49:00.000-05:00,17.335,17.345,17.33,17.345,19067
1704909000,2024-01-10T12:50:00.000-05:00,17.35,17.35,17.33,17.335,18318
1704909060,2024-01-10T12:51:00.000-05:00,17.335,17.34,17.33,17.335,12625
1704909120,2024-01-10T12:52:00.000-05:00,17.33,17.335,17.32,17.32,7811
1704909180,2024-01-10T12:53:00.000-05:00,17.32,17.325,17.3,17.315,71208
1704909240,2024-01-10T12:54:00.000-05:00,17.3105,17.319,17.3105,17.315,9950
1704909300,2024-01-10T12:55:00.000-05:00,17.32,17.33,17.315,17.321,42241
1704909360,2024-01-10T12:56:00.000-05:00,17.32,17.3254,17.31,17.325,77454
1704909420,2024-01-10T12:57:00.000-05:00,17.321,17.325,17.32,17.325,5412
1704909480,2024-01-10T12:58:00.000-05:00,17.32,17.33,17.32,17.32,10576
1704909540,2024-01-10T12:59:00.000-05:00,17.32,17.3275,17.32,17.325,1906
1704909600,2024-01-10T13:00:00.000-05:00,17.325,17.325,17.32,17.32,3373
1704909660,2024-01-10T13:01:00.000-05:00,17.3204,17.3204,17.3,17.305,38369
1704909720,2024-01-10T13:02:00.000-05:00,17.305,17.33,17.3,17.325,53330
1704909780,2024-01-10T13:03:00.000-05:00,17.33,17.3399,17.3207,17.335,45320
1704909840,2024-01-10T13:04:00.000-05:00,17.335,17.345,17.335,17.345,9559
1704909900,2024-01-10T13:05:00.000-05:00,17.34,17.345,17.32,17.3261,81233
1704909960,2024-01-10T13:06:00.000-05:00,17.3246,17.33,17.3113,17.315,19753
1704910020,2024-01-10T13:07:00.000-05:00,17.32,17.32,17.3098,17.3098,25442
1704910080,2024-01-10T13:08:00.000-05:00,17.3,17.31,17.3,17.3,34370
1704910140,2024-01-10T13:09:00.000-05:00,17.3068,17.31,17.3,17.305,7533
1704910200,2024-01-10T13:10:00.000-05:00,17.3091,17.31,17.3,17.3075,13036
1704910260,2024-01-10T13:11:00.000-05:00,17.3,17.305,17.29,17.295,10709
1704910320,2024-01-10T13:12:00.000-05:00,17.295,17.3079,17.295,17.3,20562
1704910380,2024-01-10T13:13:00.000-05:00,17.305,17.32,17.3,17.3199,16427
1704910440,2024-01-10T13:14:00.000-05:00,17.32,17.3255,17.31,17.3157,58661
1704910500,2024-01-10T13:15:00.000-05:00,17.315,17.3199,17.31,17.31,8540
1704910560,2024-01-10T13:16:00.000-05:00,17.32,17.32,17.3148,17.315,2337
1704910620,2024-01-10T13:17:00.000-05:00,17.315,17.3187,17.31,17.3103,11983
1704910680,2024-01-10T13:18:00.000-05:00,17.31,17.3175,17.31,17.31,3972
1704910740,2024-01-10T13:19:00.000-05:00,17.31,17.3167,17.305,17.31,22899
1704910800,2024-01-10T13:20:00.000-05:00,17.31,17.31,17.3,17.3,16561
1704910860,2024-01-10T13:21:00.000-05:00,17.3,17.305,17.3,17.305,11245
1704910920,2024-01-10T13:22:00.000-05:00,17.3,17.3099,17.3,17.3,12150
1704910980,2024-01-10T13:23:00.000-05:00,17.305,17.305,17.294,17.295,3992
1704911040,2024-01-10T13:24:00.000-05:00,17.295,17.3075,17.29,17.3075,39978
1704911100,2024-01-10T13:25:00.000-05:00,17.31,17.32,17.305,17.3192,33902
1704911160,2024-01-10T13:26:00.000-05:00,17.315,17.32,17.31,17.315,59866
1704911220,2024-01-10T13:27:00.000-05:00,17.3107,17.32,17.31,17.315,22664
1704911280,2024-01-10T13:28:00.000-05:00,17.315,17.32,17.31,17.315,3430
1704911340,2024-01-10T13:29:00.000-05:00,17.315,17.32,17.31,17.31,6465
1704911400,2024-01-10T13:30:00.000-05:00,17.3137,17.315,17.295,17.295,40926
1704911460,2024-01-10T13:31:00.000-05:00,17.3,17.305,17.29,17.305,27904
1704911520,2024-01-10T13:32:00.000-05:00,17.305,17.305,17.3,17.305,7117
1704911580,2024-01-10T13:33:00.000-05:00,17.305,17.32,17.305,17.315,18317
1704911640,2024-01-10T13:34:00.000-05:00,17.315,17.32,17.313,17.3196,13647
1704911700,2024-01-10T13:35:00.000-05:00,17.31,17.32,17.31,17.315,18946
1704911760,2024-01-10T13:36:00.000-05:00,17.315,17.315,17.305,17.31,50127
1704911820,2024-01-10T13:37:00.000-05:00,17.305,17.32,17.305,17.315,30725
1704911880,2024-01-10T13:38:00.000-05:00,17.32,17.33,17.32,17.3299,15416
1704911940,2024-01-10T13:39:00.000-05:00,17.325,17.34,17.32,17.335,29036
1704912000,2024-01-10T13:40:00.000-05:00,17.335,17.34,17.33,17.33,42558
1704912060,2024-01-10T13:41:00.000-05:00,17.335,17.34,17.335,17.335,3464
1704912120,2024-01-10T13:42:00.000-05:00,17.335,17.35,17.33,17.345,15866
1704912180,2024-01-10T13:43:00.000-05:00,17.35,17.35,17.34,17.34,2167
1704912240,2024-01-10T13:44:00.000-05:00,17.34,17.34,17.33,17.33,22691
1704912300,2024-01-10T13:45:00.000-05:00,17.3301,17.34,17.33,17.33,26465
1704912360,2024-01-10T13:46:00.000-05:00,17.33,17.34,17.325,17.34,31583
1704912420,2024-01-10T13:47:00.000-05:00,17.335,17.34,17.3301,17.335,6205
1704912480,2024-01-10T13:48:00.000-05:00,17.34,17.3499,17.3399,17.345,16071
1704912540,2024-01-10T13:49:00.000-05:00,17.3405,17.36,17.34,17.36,25236
1704912600,2024-01-10T13:50:00.000-05:00,17.3518,17.355,17.35,17.35,12559
1704912660,2024-01-10T13:51:00.000-05:00,17.3561,17.3561,17.35,17.355,7456
1704912720,2024-01-10T13:52:00.000-05:00,17.355,17.36,17.35,17.35,13468
1704912780,2024-01-10T13:53:00.000-05:00,17.355,17.36,17.34,17.345,35820
1704912840,2024-01-10T13:54:00.000-05:00,17.3402,17.345,17.3402,17.345,8845
1704912900,2024-01-10T13:55:00.000-05:00,17.34,17.3454,17.34,17.345,2209
1704912960,2024-01-10T13:56:00.000-05:00,17.345,17.355,17.345,17.3501,41970
1704913020,2024-01-10T13:57:00.000-05:00,17.35,17.35,17.345,17.345,43284
1704913080,2024-01-10T13:58:00.000-05:00,17.345,17.35,17.345,17.345,4028
1704913140,2024-01-10T13:59:00.000-05:00,17.35,17.36,17.34,17.36,35753
1704913200,2024-01-10T14:00:00.000-05:00,17.3538,17.37,17.3538,17.365,28294
1704913260,2024-01-10T14:01:00.000-05:00,17.36,17.365,17.355,17.355,16230
1704913320,2024-01-10T14:02:00.000-05:00,17.3558,17.3558,17.35,17.3511,3924
1704913380,2024-01-10T14:03:00.000-05:00,17.355,17.3571,17.355,17.3571,2783
1704913440,2024-01-10T14:04:00.000-05:00,17.35,17.3575,17.35,17.3575,2441
1704913500,2024-01-10T14:05:00.000-05:00,17.3575,17.3575,17.34,17.34,13503
1704913560,2024-01-10T14:06:00.000-05:00,17.335,17.34,17.33,17.335,17586
1704913620,2024-01-10T14:07:00.000-05:00,17.335,17.34,17.3325,17.335,3794
1704913680,2024-01-10T14:08:00.000-05:00,17.34,17.34,17.32,17.325,28965
1704913740,2024-01-10T14:09:00.000-05:00,17.32,17.329,17.31,17.315,67195
1704913800,2024-01-10T14:10:00.000-05:00,17.315,17.32,17.313,17.3197,10197
1704913860,2024-01-10T14:11:00.000-05:00,17.32,17.335,17.3198,17.335,31534
1704913920,2024-01-10T14:12:00.000-05:00,17.335,17.34,17.335,17.3398,12730
1704913980,2024-01-10T14:13:00.000-05:00,17.34,17.35,17.34,17.345,19750
1704914040,2024-01-10T14:14:00.000-05:00,17.34,17.35,17.33,17.335,25402
1704914100,2024-01-10T14:15:00.000-05:00,17.335,17.335,17.33,17.3301,6895
1704914160,2024-01-10T14:16:00.000-05:00,17.335,17.34,17.33,17.33,12291
1704914220,2024-01-10T14:17:00.000-05:00,17.335,17.34,17.32,17.32,35410
1704914280,2024-01-10T14:18:00.000-05:00,17.325,17.34,17.325,17.335,26972
1704914340,2024-01-10T14:19:00.000-05:00,17.34,17.35,17.335,17.35,30123
1704914400,2024-01-10T14:20:00.000-05:00,17.3457,17.35,17.34,17.3406,13762
1704914460,2024-01-10T14:21:00.000-05:00,17.345,17.345,17.33,17.335,29491
1704914520,2024-01-10T14:22:00.000-05:00,17.335,17.34,17.33,17.3388,39935
1704914580,2024-01-10T14:23:00.000-05:00,17.335,17.34,17.335,17.34,3026
1704914640,2024-01-10T14:24:00.000-05:00,17.335,17.34,17.335,17.335,2954
1704914700,2024-01-10T14:25:00.000-05:00,17.3325,17.35,17.3325,17.345,34604
1704914760,2024-01-10T14:26:00.000-05:00,17.34,17.365,17.34,17.365,43411
1704914820,2024-01-10T14:27:00.000-05:00,17.365,17.37,17.36,17.365,10329
1704914880,2024-01-10T14:28:00.000-05:00,17.365,17.365,17.35,17.36,56233
1704914940,2024-01-10T14:29:00.000-05:00,17.355,17.355,17.35,17.35,30109
1704915000,2024-01-10T14:30:00.000-05:00,17.35,17.37,17.35,17.365,50333
1704915060,2024-01-10T14:31:00.000-05:00,17.36,17.36,17.35,17.35,26429
1704915120,2024-01-10T14:32:00.000-05:00,17.3599,17.36,17.355,17.355,10119
1704915180,2024-01-10T14:33:00.000-05:00,17.36,17.36,17.355,17.355,9778
1704915240,2024-01-10T14:34:00.000-05:00,17.355,17.3775,17.3538,17.37,32098
1704915300,2024-01-10T14:35:00.000-05:00,17.375,17.38,17.37,17.375,17010
1704915360,2024-01-10T14:36:00.000-05:00,17.375,17.38,17.37,17.3797,15301
1704915420,2024-01-10T14:37:00.000-05:00,17.38,17.38,17.37,17.37,9349
1704915480,2024-01-10T14:38:00.000-05:00,17.375,17.38,17.37,17.375,4604
1704915540,2024-01-10T14:39:00.000-05:00,17.375,17.39,17.375,17.385,9759
1704915600,2024-01-10T14:40:00.000-05:00,17.385,17.3975,17.382,17.382,55745
1704915660,2024-01-10T14:41:00.000-05:00,17.39,17.39,17.38,17.39,21738
1704915720,2024-01-10T14:42:00.000-05:00,17.39,17.4,17.39,17.39,16756
1704915780,2024-01-10T14:43:00.000-05:00,17.39,17.395,17.39,17.39,13010
1704915840,2024-01-10T14:44:00.000-05:00,17.395,17.4,17.395,17.4,22157
1704915900,2024-01-10T14:45:00.000-05:00,17.4,17.41,17.4,17.4,12276
1704915960,2024-01-10T14:46:00.000-05:00,17.4,17.405,17.39,17.395,13976
1704916020,2024-01-10T14:47:00.000-05:00,17.395,17.3975,17.39,17.39,8559
1704916080,2024-01-10T14:48:00.000-05:00,17.4,17.4,17.385,17.39,38666
1704916140,2024-01-10T14:49:00.000-05:00,17.39,17.4,17.39,17.4,17912
1704916200,2024-01-10T14:50:00.000-05:00,17.395,17.4,17.3901,17.4,5792
1704916260,2024-01-10T14:51:00.000-05:00,17.4,17.4075,17.39,17.4075,15136
1704916320,2024-01-10T14:52:00.000-05:00,17.4,17.41,17.4,17.4075,2726
1704916380,2024-01-10T14:53:00.000-05:00,17.405,17.4075,17.4,17.4,9559
1704916440,2024-01-10T14:54:00.000-05:00,17.405,17.41,17.4,17.4041,9009
1704916500,2024-01-10T14:55:00.000-05:00,17.405,17.41,17.405,17.405,11375
1704916560,2024-01-10T14:56:00.000-05:00,17.405,17.41,17.4,17.405,13493
1704916620,2024-01-10T14:57:00.000-05:00,17.4,17.41,17.4,17.41,8184
1704916680,2024-01-10T14:58:00.000-05:00,17.41,17.41,17.404,17.405,4141
1704916740,2024-01-10T14:59:00.000-05:00,17.41,17.41,17.4,17.405,8109
1704916800,2024-01-10T15:00:00.000-05:00,17.41,17.425,17.41,17.415,58408
1704916860,2024-01-10T15:01:00.000-05:00,17.415,17.42,17.4149,17.415,5163
1704916920,2024-01-10T15:02:00.000-05:00,17.42,17.42,17.4,17.405,13399
1704916980,2024-01-10T15:03:00.000-05:00,17.405,17.415,17.4,17.4101,14929
1704917040,2024-01-10T15:04:00.000-05:00,17.42,17.42,17.4127,17.42,8362
1704917100,2024-01-10T15:05:00.000-05:00,17.419,17.4299,17.419,17.425,20749
1704917160,2024-01-10T15:06:00.000-05:00,17.425,17.43,17.42,17.425,5910
1704917220,2024-01-10T15:07:00.000-05:00,17.42,17.43,17.41,17.415,24981
1704917280,2024-01-10T15:08:00.000-05:00,17.41,17.4197,17.41,17.41,12303
1704917340,2024-01-10T15:09:00.000-05:00,17.4146,17.42,17.4146,17.42,1705
1704917400,2024-01-10T15:10:00.000-05:00,17.415,17.42,17.41,17.415,9887
1704917460,2024-01-10T15:11:00.000-05:00,17.42,17.42,17.41,17.415,2436
1704917520,2024-01-10T15:12:00.000-05:00,17.42,17.42,17.41,17.41,9419
1704917580,2024-01-10T15:13:00.000-05:00,17.415,17.415,17.4,17.405,108517
1704917640,2024-01-10T15:14:00.000-05:00,17.4,17.405,17.37,17.38,121119
1704917700,2024-01-10T15:15:00.000-05:00,17.385,17.4,17.375,17.39,126586
1704917760,2024-01-10T15:16:00.000-05:00,17.385,17.4,17.385,17.395,17920
1704917820,2024-01-10T15:17:00.000-05:00,17.4,17.415,17.395,17.41,45379
1704917880,2024-01-10T15:18:00.000-05:00,17.41,17.42,17.403,17.405,40161
1704917940,2024-01-10T15:19:00.000-05:00,17.405,17.41,17.405,17.405,4082
1704918000,2024-01-10T15:20:00.000-05:00,17.405,17.41,17.395,17.395,26182
1704918060,2024-01-10T15:21:00.000-05:00,17.395,17.395,17.38,17.385,11554
1704918120,2024-01-10T15:22:00.000-05:00,17.385,17.3853,17.38,17.385,16483
1704918180,2024-01-10T15:23:00.000-05:00,17.385,17.385,17.38,17.3801,13663
1704918240,2024-01-10T15:24:00.000-05:00,17.38,17.385,17.38,17.3806,9906
1704918300,2024-01-10T15:25:00.000-05:00,17.38,17.395,17.38,17.3874,118740
1704918360,2024-01-10T15:26:00.000-05:00,17.385,17.395,17.3826,17.395,19729
1704918420,2024-01-10T15:27:00.000-05:00,17.395,17.4,17.39,17.395,9326
1704918480,2024-01-10T15:28:00.000-05:00,17.395,17.4,17.39,17.395,5242
1704918540,2024-01-10T15:29:00.000-05:00,17.395,17.3975,17.395,17.395,2468
1704918600,2024-01-10T15:30:00.000-05:00,17.395,17.395,17.38,17.385,55165
1704918660,2024-01-10T15:31:00.000-05:00,17.385,17.4,17.385,17.395,27435
1704918720,2024-01-10T15:32:00.000-05:00,17.395,17.395,17.3839,17.395,51014
1704918780,2024-01-10T15:33:00.000-05:00,17.395,17.4098,17.395,17.405,22689
1704918840,2024-01-10T15:34:00.000-05:00,17.405,17.41,17.4,17.4,49509
1704918900,2024-01-10T15:35:00.000-05:00,17.395,17.4,17.3949,17.395,14025
1704918960,2024-01-10T15:36:00.000-05:00,17.395,17.4,17.3902,17.395,12559
1704919020,2024-01-10T15:37:00.000-05:00,17.395,17.405,17.39,17.39,93806
1704919080,2024-01-10T15:38:00.000-05:00,17.395,17.4,17.39,17.3948,37389
1704919140,2024-01-10T15:39:00.000-05:00,17.395,17.4,17.3916,17.4,12114
1704919200,2024-01-10T15:40:00.000-05:00,17.39,17.395,17.3801,17.3801,39002
1704919260,2024-01-10T15:41:00.000-05:00,17.385,17.385,17.37,17.375,45667
1704919320,2024-01-10T15:42:00.000-05:00,17.38,17.3899,17.38,17.385,29362
1704919380,2024-01-10T15:43:00.000-05:00,17.385,17.3899,17.365,17.37,62833
1704919440,2024-01-10T15:44:00.000-05:00,17.365,17.37,17.36,17.365,30062
1704919500,2024-01-10T15:45:00.000-05:00,17.365,17.375,17.36,17.375,42657
1704919560,2024-01-10T15:46:00.000-05:00,17.375,17.375,17.36,17.365,57767
1704919620,2024-01-10T15:47:00.000-05:00,17.365,17.38,17.36,17.375,112907
1704919680,2024-01-10T15:48:00.000-05:00,17.375,17.38,17.37,17.375,31425
1704919740,2024-01-10T15:49:00.000-05:00,17.375,17.375,17.35,17.355,94118
1704919800,2024-01-10T15:50:00.000-05:00,17.36,17.38,17.355,17.375,84000
1704919860,2024-01-10T15:51:00.000-05:00,17.38,17.385,17.37,17.385,90126
1704919920,2024-01-10T15:52:00.000-05:00,17.385,17.39,17.38,17.3898,64045
1704919980,2024-01-10T15:53:00.000-05:00,17.385,17.4,17.38,17.395,93266
1704920040,2024-01-10T15:54:00.000-05:00,17.395,17.4,17.39,17.395,46673
1704920100,2024-01-10T15:55:00.000-05:00,17.4,17.4,17.38,17.38,122046
1704920160,2024-01-10T15:56:00.000-05:00,17.38,17.39,17.38,17.385,87450
1704920220,2024-01-10T15:57:00.000-05:00,17.385,17.385,17.37,17.37,84425
1704920280,2024-01-10T15:58:00.000-05:00,17.3799,17.38,17.37,17.375,110108
1704920340,2024-01-10T15:59:00.000-05:00,17.375,17.38,17.34,17.34,523945
1704920400,2024-01-10T16:00:00.000-05:00,17.34,17.35,17.34,17.34,397623
1704920460,2024-01-10T16:01:00.000-05:00,17.34,17.34,17.34,17.34,22983
1704920520,2024-01-10T16:02:00.000-05:00,17.35,17.35,17.35,17.35,1214
1704920700,2024-01-10T16:05:00.000-05:00,17.34,17.34,17.34,17.34,208
1704920760,2024-01-10T16:06:00.000-05:00,17.34,17.34,17.34,17.34,4917
1704920880,2024-01-10T16:08:00.000-05:00,17.35,17.35,17.35,17.35,100
1704921240,2024-01-10T16:14:00.000-05:00,17.33,17.33,17.33,17.33,200
1704921540,2024-01-10T16:19:00.000-05:00,17.35,17.35,17.35,17.35,100
1704921900,2024-01-10T16:25:00.000-05:00,17.34,17.34,17.34,17.34,101
1704921960,2024-01-10T16:26:00.000-05:00,17.34,17.34,17.34,17.34,199
1704922020,2024-01-10T16:27:00.000-05:00,17.35,17.35,17.35,17.35,101
1704922500,2024-01-10T16:35:00.000-05:00,17.3594,17.3594,17.3594,17.3594,201
1704922860,2024-01-10T16:41:00.000-05:00,17.36,17.36,17.36,17.36,290
1704923640,2024-01-10T16:54:00.000-05:00,17.36,17.36,17.36,17.36,250
1704924420,2024-01-10T17:07:00.000-05:00,17.3691,17.3691,17.3691,17.3691,943
1704924600,2024-01-10T17:10:00.000-05:00,17.35,17.35,17.35,17.35,152
1704924900,2024-01-10T17:15:00.000-05:00,17.35,17.35,17.35,17.35,143
1704925140,2024-01-10T17:19:00.000-05:00,17.37,17.37,17.37,17.37,214
1704925860,2024-01-10T17:31:00.000-05:00,17.35,17.35,17.35,17.35,151
1704926760,2024-01-10T17:46:00.000-05:00,17.38,17.38,17.38,17.38,191
1704927180,2024-01-10T17:53:00.000-05:00,17.35,17.35,17.35,17.35,938
1704927360,2024-01-10T17:56:00.000-05:00,17.38,17.38,17.38,17.38,106
1704929340,2024-01-10T18:29:00.000-05:00,17.3505,17.3505,17.3505,17.3505,134
1704931200,2024-01-10T19:00:00.000-05:00,17.35,17.35,17.35,17.35,138
1704931740,2024-01-10T19:09:00.000-05:00,17.35,17.35,17.35,17.35,100
1704933180,2024-01-10T19:33:00.000-05:00,17.4,17.4,17.4,17.4,400
1704934560,2024-01-10T19:56:00.000-05:00,17.36,17.36,17.36,17.36,992
1704963600,2024-01-11T04:00:00.000-05:00,17.45,17.45,17.45,17.45,255
1704966060,2024-01-11T04:41:00.000-05:00,17.46,17.46,17.46,17.46,200
1704968520,2024-01-11T05:22:00.000-05:00,17.47,17.47,17.47,17.47,399
1704972480,2024-01-11T06:28:00.000-05:00,17.48,17.48,17.48,17.48,100
1704974280,2024-01-11T06:58:00.000-05:00,17.5,17.5,17.5,17.5,569
1704974400,2024-01-11T07:00:00.000-05:00,17.51,17.51,17.46,17.5,6405
1704974820,2024-01-11T07:07:00.000-05:00,17.47,17.47,17.47,17.47,3516
1704975720,2024-01-11T07:22:00.000-05:00,17.5,17.5,17.5,17.5,100
1704975840,2024-01-11T07:24:00.000-05:00,17.5,17.5,17.5,17.5,501
1704976380,2024-01-11T07:33:00.000-05:00,17.4989,17.4989,17.4989,17.4989,520
1704976740,2024-01-11T07:39:00.000-05:00,17.48,17.48,17.48,17.48,103
1704977100,2024-01-11T07:45:00.000-05:00,17.48,17.5,17.48,17.5,1506
1704977340,2024-01-11T07:49:00.000-05:00,17.5,17.5,17.5,17.5,821
1704977640,2024-01-11T07:54:00.000-05:00,17.48,17.48,17.48,17.48,185
1704977820,2024-01-11T07:57:00.000-05:00,17.48,17.48,17.48,17.48,200
1704977880,2024-01-11T07:58:00.000-05:00,17.48,17.48,17.48,17.48,300
1704978240,2024-01-11T08:04:00.000-05:00,17.47,17.47,17.47,17.47,2022
1704978300,2024-01-11T08:05:00.000-05:00,17.5,17.5,17.46,17.46,2103
1704978840,2024-01-11T08:14:00.000-05:00,17.5,17.51,17.5,17.51,2500
1704979380,2024-01-11T08:23:00.000-05:00,17.5,17.53,17.5,17.53,711
1704979440,2024-01-11T08:24:00.000-05:00,17.53,17.53,17.53,17.53,2501
1704979620,2024-01-11T08:27:00.000-05:00,17.56,17.58,17.56,17.58,600
1704979800,2024-01-11T08:30:00.000-05:00,17.6,17.69,17.41,17.45,5462
1704979860,2024-01-11T08:31:00.000-05:00,17.45,17.56,17.36,17.36,4317
1704979920,2024-01-11T08:32:00.000-05:00,17.36,17.36,17.36,17.36,485
1704979980,2024-01-11T08:33:00.000-05:00,17.42,17.47,17.42,17.47,1702
1704980040,2024-01-11T08:34:00.000-05:00,17.48,17.52,17.46,17.46,1650
1704980280,2024-01-11T08:38:00.000-05:00,17.43,17.43,17.43,17.43,950
1704980340,2024-01-11T08:39:00.000-05:00,17.43,17.43,17.4,17.4,2204
1704980460,2024-01-11T08:41:00.000-05:00,17.42,17.42,17.42,17.42,3000
1704980520,2024-01-11T08:42:00.000-05:00,17.41,17.41,17.41,17.41,362
1704980580,2024-01-11T08:43:00.000-05:00,17.41,17.43,17.41,17.43,4442
1704980640,2024-01-11T08:44:00.000-05:00,17.49,17.49,17.49,17.49,4019
1704980940,2024-01-11T08:49:00.000-05:00,17.42,17.42,17.38,17.39,2221
1704981000,2024-01-11T08:50:00.000-05:00,17.39,17.4391,17.39,17.4391,1797
1704981060,2024-01-11T08:51:00.000-05:00,17.38,17.38,17.38,17.38,1478
1704981120,2024-01-11T08:52:00.000-05:00,17.38,17.38,17.38,17.38,598
1704981240,2024-01-11T08:54:00.000-05:00,17.4,17.4,17.4,17.4,150
1704981480,2024-01-11T08:58:00.000-05:00,17.39,17.4,17.39,17.4,300
1704981540,2024-01-11T08:59:00.000-05:00,17.4,17.4,17.4,17.4,1851
1704981600,2024-01-11T09:00:00.000-05:00,17.41,17.43,17.41,17.43,437
1704981660,2024-01-11T09:01:00.000-05:00,17.39,17.39,17.39,17.39,300
1704981720,2024-01-11T09:02:00.000-05:00,17.38,17.38,17.38,17.38,880
1704981960,2024-01-11T09:06:00.000-05:00,17.43,17.43,17.35,17.35,3760
1704982020,2024-01-11T09:07:00.000-05:00,17.35,17.35,17.35,17.35,3071
1704982080,2024-01-11T09:08:00.000-05:00,17.3985,17.3985,17.3985,17.3985,2000
1704982140,2024-01-11T09:09:00.000-05:00,17.39,17.39,17.39,17.39,445
1704982200,2024-01-11T09:10:00.000-05:00,17.33,17.35,17.33,17.33,1191
1704982260,2024-01-11T09:11:00.000-05:00,17.3498,17.35,17.34,17.35,3404
1704982440,2024-01-11T09:14:00.000-05:00,17.4,17.41,17.4,17.41,3701
1704982500,2024-01-11T09:15:00.000-05:00,17.4,17.4295,17.4,17.4295,2397
1704982560,2024-01-11T09:16:00.000-05:00,17.43,17.43,17.43,17.43,199
1704982620,2024-01-11T09:17:00.000-05:00,17.4,17.4,17.38,17.38,1145
1704982800,2024-01-11T09:20:00.000-05:00,17.4,17.4,17.4,17.4,259
1704982860,2024-01-11T09:21:00.000-05:00,17.38,17.38,17.38,17.38,1069
1704983040,2024-01-11T09:24:00.000-05:00,17.38,17.39,17.38,17.39,704
1704983340,2024-01-11T09:29:00.000-05:00,17.43,17.43,17.43,17.43,3001
1704983400,2024-01-11T09:30:00.000-05:00,17.38,17.41,17.375,17.4,8274
1704983460,2024-01-11T09:31:00.000-05:00,17.41,17.42,17.395,17.4,28425
1704983520,2024-01-11T09:32:00.000-05:00,17.4,17.4,17.37,17.38,23272
1704983580,2024-01-11T09:33:00.000-05:00,17.38,17.4,17.37,17.4,5296
1704983640,2024-01-11T09:34:00.000-05:00,17.41,17.42,17.375,17.42,206061
1704983700,2024-01-11T09:35:00.000-05:00,17.42,17.49,17.42,17.47,48690
1704983760,2024-01-11T09:36:00.000-05:00,17.47,17.49,17.455,17.4604,31239
1704983820,2024-01-11T09:37:00.000-05:00,17.47,17.485,17.465,17.475,17697
1704983880,2024-01-11T09:38:00.000-05:00,17.48,17.485,17.455,17.47,29889
1704983940,2024-01-11T09:39:00.000-05:00,17.47,17.47,17.45,17.45,17635
1704984000,2024-01-11T09:40:00.000-05:00,17.455,17.47,17.44,17.44,17978
1704984060,2024-01-11T09:41:00.000-05:00,17.42,17.425,17.395,17.4,82219
1704984120,2024-01-11T09:42:00.000-05:00,17.4,17.41,17.39,17.39,53341
1704984180,2024-01-11T09:43:00.000-05:00,17.399,17.42,17.385,17.4,33974
1704984240,2024-01-11T09:44:00.000-05:00,17.4,17.44,17.395,17.435,20408
1704984300,2024-01-11T09:45:00.000-05:00,17.43,17.44,17.4,17.405,43384
1704984360,2024-01-11T09:46:00.000-05:00,17.405,17.41,17.39,17.4,17952
1704984420,2024-01-11T09:47:00.000-05:00,17.41,17.41,17.36,17.36,19874
1704984480,2024-01-11T09:48:00.000-05:00,17.3582,17.36,17.345,17.35,46408
1704984540,2024-01-11T09:49:00.000-05:00,17.3501,17.38,17.35,17.38,29663
1704984600,2024-01-11T09:50:00.000-05:00,17.38,17.4,17.37,17.38,22497
1704984660,2024-01-11T09:51:00.000-05:00,17.3799,17.395,17.36,17.39,29815
1704984720,2024-01-11T09:52:00.000-05:00,17.385,17.4,17.38,17.398,12207
1704984780,2024-01-11T09:53:00.000-05:00,17.395,17.4,17.38,17.39,17378
1704984840,2024-01-11T09:54:00.000-05:00,17.395,17.405,17.385,17.39,37792
1704984900,2024-01-11T09:55:00.000-05:00,17.3902,17.405,17.385,17.39,19066
1704984960,2024-01-11T09:56:00.000-05:00,17.395,17.42,17.39,17.4126,13493
1704985020,2024-01-11T09:57:00.000-05:00,17.41,17.41,17.38,17.38,43365
1704985080,2024-01-11T09:58:00.000-05:00,17.39,17.4,17.3624,17.37,11924
1704985140,2024-01-11T09:59:00.000-05:00,17.37,17.37,17.35,17.36,22718
1704985200,2024-01-11T10:00:00.000-05:00,17.36,17.36,17.325,17.34,63751
1704985260,2024-01-11T10:01:00.000-05:00,17.34,17.34,17.3235,17.3235,16937
1704985320,2024-01-11T10:02:00.000-05:00,17.3243,17.3243,17.3,17.3,43917
1704985380,2024-01-11T10:03:00.000-05:00,17.3,17.3,17.28,17.285,47143
1704985440,2024-01-11T10:04:00.000-05:00,17.28,17.283,17.25,17.25,29573
1704985500,2024-01-11T10:05:00.000-05:00,17.25,17.27,17.25,17.26,46637
1704985560,2024-01-11T10:06:00.000-05:00,17.27,17.28,17.26,17.2703,44110
1704985620,2024-01-11T10:07:00.000-05:00,17.27,17.2892,17.27,17.28,16323
1704985680,2024-01-11T10:08:00.000-05:00,17.28,17.2802,17.26,17.2601,17558
1704985740,2024-01-11T10:09:00.000-05:00,17.265,17.27,17.26,17.26,8638
1704985800,2024-01-11T10:10:00.000-05:00,17.27,17.28,17.255,17.255,22138
1704985860,2024-01-11T10:11:00.000-05:00,17.255,17.265,17.25,17.26,18558
1704985920,2024-01-11T10:12:00.000-05:00,17.265,17.275,17.26,17.269,19604
1704985980,2024-01-11T10:13:00.000-05:00,17.27,17.27,17.24,17.2467,29011
1704986040,2024-01-11T10:14:00.000-05:00,17.245,17.245,17.2143,17.22,12438
1704986100,2024-01-11T10:15:00.000-05:00,17.22,17.23,17.21,17.221,30540
1704986160,2024-01-11T10:16:00.000-05:00,17.22,17.25,17.22,17.24,34444
1704986220,2024-01-11T10:17:00.000-05:00,17.2402,17.2498,17.2306,17.245,53048
1704986280,2024-01-11T10:18:00.000-05:00,17.245,17.25,17.24,17.24,18652
1704986340,2024-01-11T10:19:00.000-05:00,17.235,17.25,17.23,17.25,18123
1704986400,2024-01-11T10:20:00.000-05:00,17.255,17.255,17.23,17.235,20442
1704986460,2024-01-11T10:21:00.000-05:00,17.235,17.275,17.23,17.26,20252
1704986520,2024-01-11T10:22:00.000-05:00,17.27,17.275,17.26,17.2606,7890
1704986580,2024-01-11T10:23:00.000-05:00,17.26,17.26,17.24,17.25,9651
1704986640,2024-01-11T10:24:00.000-05:00,17.25,17.26,17.24,17.24,18466
1704986700,2024-01-11T10:25:00.000-05:00,17.235,17.26,17.2301,17.25,11435
1704986760,2024-01-11T10:26:00.000-05:00,17.25,17.2599,17.24,17.245,9117
1704986820,2024-01-11T10:27:00.000-05:00,17.245,17.2655,17.2429,17.255,15748
1704986880,2024-01-11T10:28:00.000-05:00,17.255,17.255,17.23,17.25,19563
1704986940,2024-01-11T10:29:00.000-05:00,17.25,17.26,17.245,17.26,16363
1704987000,2024-01-11T10:30:00.000-05:00,17.26,17.29,17.26,17.29,21293
1704987060,2024-01-11T10:31:00.000-05:00,17.29,17.3,17.28,17.28,14268
1704987120,2024-01-11T10:32:00.000-05:00,17.285,17.289,17.26,17.2868,37121
1704987180,2024-01-11T10:33:00.000-05:00,17.28,17.28,17.265,17.265,4657
1704987240,2024-01-11T10:34:00.000-05:00,17.26,17.2613,17.24,17.24,20575
1704987300,2024-01-11T10:35:00.000-05:00,17.23,17.2646,17.23,17.261,31011
1704987360,2024-01-11T10:36:00.000-05:00,17.26,17.265,17.255,17.26,18548
1704987420,2024-01-11T10:37:00.000-05:00,17.27,17.27,17.26,17.27,13940
1704987480,2024-01-11T10:38:00.000-05:00,17.265,17.2786,17.2606,17.2786,13085
1704987540,2024-01-11T10:39:00.000-05:00,17.275,17.275,17.2714,17.275,2183
1704987600,2024-01-11T10:40:00.000-05:00,17.2765,17.286,17.2701,17.2748,23119
1704987660,2024-01-11T10:41:00.000-05:00,17.27,17.27,17.245,17.26,19648
1704987720,2024-01-11T10:42:00.000-05:00,17.26,17.2678,17.245,17.25,23587
1704987780,2024-01-11T10:43:00.000-05:00,17.25,17.25,17.24,17.2474,7043
1704987840,2024-01-11T10:44:00.000-05:00,17.245,17.255,17.24,17.255,74097
1704987900,2024-01-11T10:45:00.000-05:00,17.25,17.25,17.24,17.245,9872
1704987960,2024-01-11T10:46:00.000-05:00,17.24,17.2499,17.24,17.24,1261
1704988020,2024-01-11T10:47:00.000-05:00,17.24,17.241,17.225,17.23,49120
1704988080,2024-01-11T10:48:00.000-05:00,17.23,17.235,17.22,17.22,18945
1704988140,2024-01-11T10:49:00.000-05:00,17.225,17.2257,17.21,17.215,13539
1704988200,2024-01-11T10:50:00.000-05:00,17.22,17.22,17.21,17.215,21542
1704988260,2024-01-11T10:51:00.000-05:00,17.2107,17.2179,17.181,17.19,96936
1704988320,2024-01-11T10:52:00.000-05:00,17.19,17.19,17.16,17.175,56214
1704988380,2024-01-11T10:53:00.000-05:00,17.175,17.18,17.17,17.175,31156
1704988440,2024-01-11T10:54:00.000-05:00,17.17,17.18,17.16,17.17,54902
1704988500,2024-01-11T10:55:00.000-05:00,17.165,17.165,17.14,17.1401,69399
1704988560,2024-01-11T10:56:00.000-05:00,17.15,17.16,17.145,17.155,41778
1704988620,2024-01-11T10:57:00.000-05:00,17.155,17.16,17.14,17.14,47710
1704988680,2024-01-11T10:58:00.000-05:00,17.15,17.15,17.12,17.13,72114
1704988740,2024-01-11T10:59:00.000-05:00,17.1225,17.14,17.121,17.125,87150
1704988800,2024-01-11T11:00:00.000-05:00,17.125,17.13,17.1,17.105,56797
1704988860,2024-01-11T11:01:00.000-05:00,17.105,17.13,17.1,17.125,78635
1704988920,2024-01-11T11:02:00.000-05:00,17.125,17.125,17.1,17.11,73619
1704988980,2024-01-11T11:03:00.000-05:00,17.11,17.13,17.11,17.12,60636
1704989040,2024-01-11T11:04:00.000-05:00,17.1152,17.1398,17.11,17.135,59458
1704989100,2024-01-11T11:05:00.000-05:00,17.13,17.15,17.13,17.13,31433
1704989160,2024-01-11T11:06:00.000-05:00,17.125,17.1375,17.115,17.12,15060
1704989220,2024-01-11T11:07:00.000-05:00,17.115,17.118,17.1,17.11,16932
1704989280,2024-01-11T11:08:00.000-05:00,17.1,17.11,17.1,17.105,24637
1704989340,2024-01-11T11:09:00.000-05:00,17.1,17.11,17.1,17.1,26010
1704989400,2024-01-11T11:10:00.000-05:00,17.1,17.11,17.09,17.1,47415
1704989460,2024-01-11T11:11:00.000-05:00,17.1,17.11,17.09,17.09,12655
1704989520,2024-01-11T11:12:00.000-05:00,17.095,17.1,17.09,17.1,23740
1704989580,2024-01-11T11:13:00.000-05:00,17.09,17.09,17.06,17.09,96735
1704989640,2024-01-11T11:14:00.000-05:00,17.09,17.1,17.0701,17.0701,15103
1704989700,2024-01-11T11:15:00.000-05:00,17.075,17.075,17.05,17.055,22307
1704989760,2024-01-11T11:16:00.000-05:00,17.055,17.08,17.055,17.0689,39319
1704989820,2024-01-11T11:17:00.000-05:00,17.065,17.07,17.06,17.065,30058
1704989880,2024-01-11T11:18:00.000-05:00,17.065,17.0698,17.04,17.06,53308
1704989940,2024-01-11T11:19:00.000-05:00,17.0574,17.08,17.05,17.06,46616
1704990000,2024-01-11T11:20:00.000-05:00,17.05,17.07,17.045,17.07,15177
1704990060,2024-01-11T11:21:00.000-05:00,17.069,17.07,17.05,17.055,23545
1704990120,2024-01-11T11:22:00.000-05:00,17.051,17.051,17.0201,17.03,99583
1704990180,2024-01-11T11:23:00.000-05:00,17.04,17.04,17.015,17.035,91116
1704990240,2024-01-11T11:24:00.000-05:00,17.04,17.04,16.99,17.0195,181972
1704990300,2024-01-11T11:25:00.000-05:00,17.01,17.0142,16.99,16.995,65984
1704990360,2024-01-11T11:26:00.000-05:00,16.995,17.0,16.98,16.99,55576
1704990420,2024-01-11T11:27:00.000-05:00,16.98,17.02,16.98,17.02,41338
1704990480,2024-01-11T11:28:00.000-05:00,17.015,17.02,17.01,17.015,7692
1704990540,2024-01-11T11:29:00.000-05:00,17.02,17.04,17.02,17.035,57743
1704990600,2024-01-11T11:30:00.000-05:00,17.03,17.04,17.02,17.025,19500
1704990660,2024-01-11T11:31:00.000-05:00,17.02,17.03,17.0143,17.025,33594
1704990720,2024-01-11T11:32:00.000-05:00,17.03,17.03,17.005,17.01,55647
1704990780,2024-01-11T11:33:00.000-05:00,17.0,17.01,16.99,16.995,23062
1704990840,2024-01-11T11:34:00.000-05:00,16.995,16.995,16.98,16.98,39455
1704990900,2024-01-11T11:35:00.000-05:00,16.98,17.0,16.98,16.99,81567
1704990960,2024-01-11T11:36:00.000-05:00,16.99,17.0,16.9738,16.9893,71821
1704991020,2024-01-11T11:37:00.000-05:00,16.985,17.0,16.98,16.989,36910
1704991080,2024-01-11T11:38:00.000-05:00,16.985,16.985,16.975,16.975,23246
1704991140,2024-01-11T11:39:00.000-05:00,16.98,16.99,16.975,16.98,39622
1704991200,2024-01-11T11:40:00.000-05:00,16.97,16.98,16.97,16.975,15423
1704991260,2024-01-11T11:41:00.000-05:00,16.97,16.98,16.96,16.97,41354
1704991320,2024-01-11T11:42:00.000-05:00,16.97,16.98,16.96,16.965,20333
1704991380,2024-01-11T11:43:00.000-05:00,16.97,16.98,16.965,16.975,33566
1704991440,2024-01-11T11:44:00.000-05:00,16.97,16.9757,16.96,16.965,18393
1704991500,2024-01-11T11:45:00.000-05:00,16.9604,16.98,16.96,16.96,24778
1704991560,2024-01-11T11:46:00.000-05:00,16.965,16.99,16.965,16.98,43874
1704991620,2024-01-11T11:47:00.000-05:00,16.975,17.0,16.97,16.995,48319
1704991680,2024-01-11T11:48:00.000-05:00,17.0,17.0,16.97,16.995,116032
1704991740,2024-01-11T11:49:00.000-05:00,16.99,17.01,16.985,16.995,48563
1704991800,2024-01-11T11:50:00.000-05:00,16.99,17.0,16.98,16.9903,74117
1704991860,2024-01-11T11:51:00.000-05:00,17.0,17.0,16.98,16.99,39431
1704991920,2024-01-11T11:52:00.000-05:00,16.98,16.99,16.965,16.965,60202
1704991980,2024-01-11T11:53:00.000-05:00,16.9699,16.9699,16.95,16.95,33349
1704992040,2024-01-11T11:54:00.000-05:00,16.955,16.96,16.94,16.9552,51675
1704992100,2024-01-11T11:55:00.000-05:00,16.96,16.96,16.945,16.95,36942
1704992160,2024-01-11T11:56:00.000-05:00,16.95,16.955,16.94,16.955,20289
1704992220,2024-01-11T11:57:00.000-05:00,16.955,16.9788,16.95,16.97,52893
1704992280,2024-01-11T11:58:00.000-05:00,16.9702,16.98,16.96,16.97,34067
1704992340,2024-01-11T11:59:00.000-05:00,16.97,16.975,16.96,16.965,33822
1704992400,2024-01-11T12:00:00.000-05:00,16.965,16.97,16.955,16.955,13646
1704992460,2024-01-11T12:01:00.000-05:00,16.95,16.97,16.95,16.965,47821
1704992520,2024-01-11T12:02:00.000-05:00,16.96,16.97,16.955,16.955,33978
1704992580,2024-01-11T12:03:00.000-05:00,16.96,16.9784,16.96,16.975,24608
1704992640,2024-01-11T12:04:00.000-05:00,16.975,16.98,16.97,16.97,7844
1704992700,2024-01-11T12:05:00.000-05:00,16.9765,16.99,16.975,16.985,22297
1704992760,2024-01-11T12:06:00.000-05:00,16.985,16.985,16.9605,16.975,37235
1704992820,2024-01-11T12:07:00.000-05:00,16.97,16.98,16.96,16.96,26023
1704992880,2024-01-11T12:08:00.000-05:00,16.96,16.97,16.95,16.96,51088
1704992940,2024-01-11T12:09:00.000-05:00,16.965,16.98,16.96,16.9793,76213
1704993000,2024-01-11T12:10:00.000-05:00,16.975,16.98,16.9602,16.965,36341
1704993060,2024-01-11T12:11:00.000-05:00,16.9667,16.985,16.965,16.98,18670
1704993120,2024-01-11T12:12:00.000-05:00,16.985,16.99,16.975,16.99,22214
1704993180,2024-01-11T12:13:00.000-05:00,16.985,17.0,16.985,16.9979,23877
1704993240,2024-01-11T12:14:00.000-05:00,16.9957,17.0024,16.99,17.0001,23605
1704993300,2024-01-11T12:15:00.000-05:00,17.0008,17.02,17.0,17.0118,57561
1704993360,2024-01-11T12:16:00.000-05:00,17.01,17.02,17.01,17.0186,29251
1704993420,2024-01-11T12:17:00.000-05:00,17.01,17.01,17.0,17.0,29136
1704993480,2024-01-11T12:18:00.000-05:00,17.0066,17.01,17.0,17.01,20689
1704993540,2024-01-11T12:19:00.000-05:00,17.005,17.02,17.0,17.02,49403
1704993600,2024-01-11T12:20:00.000-05:00,17.0191,17.03,17.015,17.026,49592
1704993660,2024-01-11T12:21:00.000-05:00,17.02,17.03,17.02,17.025,25515
1704993720,2024-01-11T12:22:00.000-05:00,17.025,17.039,17.02,17.035,75257
1704993780,2024-01-11T12:23:00.000-05:00,17.04,17.05,17.035,17.0402,41187
1704993840,2024-01-11T12:24:00.000-05:00,17.045,17.05,17.045,17.045,15443
1704993900,2024-01-11T12:25:00.000-05:00,17.045,17.05,17.035,17.035,46636
1704993960,2024-01-11T12:26:00.000-05:00,17.035,17.04,17.03,17.04,28758
1704994020,2024-01-11T12:27:00.000-05:00,17.04,17.05,17.035,17.04,47017
1704994080,2024-01-11T12:28:00.000-05:00,17.045,17.0451,17.03,17.03,56453
1704994140,2024-01-11T12:29:00.000-05:00,17.025,17.03,17.015,17.02,67279
1704994200,2024-01-11T12:30:00.000-05:00,17.025,17.0255,17.02,17.025,2645
1704994260,2024-01-11T12:31:00.000-05:00,17.0299,17.03,17.02,17.0286,10181
1704994320,2024-01-11T12:32:00.000-05:00,17.0298,17.03,17.02,17.025,12093
1704994380,2024-01-11T12:33:00.000-05:00,17.02,17.025,17.01,17.01,33439
1704994440,2024-01-11T12:34:00.000-05:00,17.01,17.02,17.001,17.005,48193
1704994500,2024-01-11T12:35:00.000-05:00,17.005,17.01,17.0,17.0,10936
1704994560,2024-01-11T12:36:00.000-05:00,17.001,17.01,16.99,16.99,52539
1704994620,2024-01-11T12:37:00.000-05:00,16.98,16.989,16.98,16.989,3586
1704994680,2024-01-11T12:38:00.000-05:00,16.9837,16.985,16.975,16.98,59934
1704994740,2024-01-11T12:39:00.000-05:00,16.975,16.99,16.975,16.985,38606
1704994800,2024-01-11T12:40:00.000-05:00,16.99,16.9999,16.985,16.99,12579
1704994860,2024-01-11T12:41:00.000-05:00,16.99,17.0,16.98,16.995,32211
1704994920,2024-01-11T12:42:00.000-05:00,16.9968,17.01,16.995,17.01,10799
1704994980,2024-01-11T12:43:00.000-05:00,17.015,17.03,17.01,17.021,23013
1704995040,2024-01-11T12:44:00.000-05:00,17.02,17.02,17.01,17.01,13291
1704995100,2024-01-11T12:45:00.000-05:00,17.02,17.02,17.01,17.015,14318
1704995160,2024-01-11T12:46:00.000-05:00,17.015,17.02,17.01,17.01,5886
1704995220,2024-01-11T12:47:00.000-05:00,17.01,17.0299,17.01,17.025,22236
1704995280,2024-01-11T12:48:00.000-05:00,17.02,17.03,17.02,17.025,7782
1704995340,2024-01-11T12:49:00.000-05:00,17.03,17.03,17.02,17.0295,24801
1704995400,2024-01-11T12:50:00.000-05:00,17.0295,17.05,17.025,17.045,33042
1704995460,2024-01-11T12:51:00.000-05:00,17.045,17.0599,17.04,17.055,29580
1704995520,2024-01-11T12:52:00.000-05:00,17.051,17.0542,17.04,17.0457,17119
1704995580,2024-01-11T12:53:00.000-05:00,17.05,17.055,17.0401,17.055,28335
1704995640,2024-01-11T12:54:00.000-05:00,17.0544,17.06,17.05,17.05,10792
1704995700,2024-01-11T12:55:00.000-05:00,17.051,17.06,17.045,17.05,36066
1704995760,2024-01-11T12:56:00.000-05:00,17.05,17.05,17.025,17.025,23086
1704995820,2024-01-11T12:57:00.000-05:00,17.03,17.04,17.025,17.03,17313
1704995880,2024-01-11T12:58:00.000-05:00,17.03,17.04,17.03,17.03,26424
1704995940,2024-01-11T12:59:00.000-05:00,17.03,17.0399,17.03,17.03,15807
1704996000,2024-01-11T13:00:00.000-05:00,17.03,17.0376,17.03,17.03,4170
1704996060,2024-01-11T13:01:00.000-05:00,17.03,17.0795,17.02,17.07,70245
1704996120,2024-01-11T13:02:00.000-05:00,17.075,17.075,17.035,17.045,76416
1704996180,2024-01-11T13:03:00.000-05:00,17.045,17.06,17.04,17.0501,43270
1704996240,2024-01-11T13:04:00.000-05:00,17.055,17.06,17.05,17.055,7588
1704996300,2024-01-11T13:05:00.000-05:00,17.055,17.08,17.055,17.08,16521
1704996360,2024-01-11T13:06:00.000-05:00,17.08,17.0981,17.08,17.081,30307
1704996420,2024-01-11T13:07:00.000-05:00,17.08,17.08,17.051,17.055,30722
1704996480,2024-01-11T13:08:00.000-05:00,17.06,17.06,17.05,17.055,17087
1704996540,2024-01-11T13:09:00.000-05:00,17.055,17.06,17.05,17.05,15246
1704996600,2024-01-11T13:10:00.000-05:00,17.055,17.055,17.04,17.055,34973
1704996660,2024-01-11T13:11:00.000-05:00,17.055,17.058,17.05,17.055,5808
1704996720,2024-01-11T13:12:00.000-05:00,17.05,17.055,17.05,17.055,12781
1704996780,2024-01-11T13:13:00.000-05:00,17.05,17.05,17.04,17.0436,21441
1704996840,2024-01-11T13:14:00.000-05:00,17.04,17.05,17.04,17.045,13258
1704996900,2024-01-11T13:15:00.000-05:00,17.04,17.05,17.04,17.041,6006
1704996960,2024-01-11T13:16:00.000-05:00,17.0484,17.05,17.04,17.0469,3517
1704997020,2024-01-11T13:17:00.000-05:00,17.045,17.05,17.04,17.045,9443
1704997080,2024-01-11T13:18:00.000-05:00,17.045,17.05,17.035,17.035,23028
1704997140,2024-01-11T13:19:00.000-05:00,17.035,17.055,17.035,17.055,14058
1704997200,2024-01-11T13:20:00.000-05:00,17.0554,17.06,17.05,17.05,11678
1704997260,2024-01-11T13:21:00.000-05:00,17.055,17.07,17.0503,17.065,28232
1704997320,2024-01-11T13:22:00.000-05:00,17.0699,17.07,17.055,17.055,28422
1704997380,2024-01-11T13:23:00.000-05:00,17.055,17.06,17.05,17.05,15605
1704997440,2024-01-11T13:24:00.000-05:00,17.05,17.0584,17.05,17.0564,5634
1704997500,2024-01-11T13:25:00.000-05:00,17.055,17.055,17.04,17.04,20242
1704997560,2024-01-11T13:26:00.000-05:00,17.044,17.045,17.0309,17.035,49491
1704997620,2024-01-11T13:27:00.000-05:00,17.035,17.0399,17.025,17.035,63026
1704997680,2024-01-11T13:28:00.000-05:00,17.03,17.04,17.03,17.0301,24382
1704997740,2024-01-11T13:29:00.000-05:00,17.031,17.04,17.03,17.035,18120
1704997800,2024-01-11T13:30:00.000-05:00,17.04,17.04,17.03,17.03,18931
1704997860,2024-01-11T13:31:00.000-05:00,17.035,17.04,17.03,17.04,9237
1704997920,2024-01-11T13:32:00.000-05:00,17.0364,17.0364,17.02,17.0225,22585
1704997980,2024-01-11T13:33:00.000-05:00,17.029,17.03,17.015,17.015,16573
1704998040,2024-01-11T13:34:00.000-05:00,17.019,17.03,17.015,17.025,35401
1704998100,2024-01-11T13:35:00.000-05:00,17.03,17.03,17.015,17.015,26336
1704998160,2024-01-11T13:36:00.000-05:00,17.02,17.025,17.01,17.0183,50864
1704998220,2024-01-11T13:37:00.000-05:00,17.019,17.019,17.01,17.015,8865
1704998280,2024-01-11T13:38:00.000-05:00,17.02,17.0262,17.015,17.0262,21852
1704998340,2024-01-11T13:39:00.000-05:00,17.03,17.039,17.0236,17.0343,17204
1704998400,2024-01-11T13:40:00.000-05:00,17.035,17.045,17.035,17.045,10664
1704998460,2024-01-11T13:41:00.000-05:00,17.04,17.045,17.035,17.035,23138
1704998520,2024-01-11T13:42:00.000-05:00,17.035,17.04,17.03,17.0366,4942
1704998580,2024-01-11T13:43:00.000-05:00,17.035,17.0398,17.03,17.035,8127
1704998640,2024-01-11T13:44:00.000-05:00,17.035,17.04,17.03,17.035,11341
1704998700,2024-01-11T13:45:00.000-05:00,17.035,17.04,17.03,17.035,11943
1704998760,2024-01-11T13:46:00.000-05:00,17.04,17.04,17.03,17.035,5466
1704998820,2024-01-11T13:47:00.000-05:00,17.04,17.04,17.025,17.025,31807
1704998880,2024-01-11T13:48:00.000-05:00,17.025,17.025,17.0244,17.0244,5519
1704998940,2024-01-11T13:49:00.000-05:00,17.02,17.025,17.01,17.01,15304
1704999000,2024-01-11T13:50:00.000-05:00,17.02,17.03,17.015,17.021,54115
1704999060,2024-01-11T13:51:00.000-05:00,17.0267,17.0267,17.025,17.025,1881
1704999120,2024-01-11T13:52:00.000-05:00,17.025,17.04,17.025,17.04,14454
1704999180,2024-01-11T13:53:00.000-05:00,17.03,17.05,17.03,17.05,15616
1704999240,2024-01-11T13:54:00.000-05:00,17.045,17.0487,17.04,17.04,19408
1704999300,2024-01-11T13:55:00.000-05:00,17.04,17.05,17.04,17.05,12381
1704999360,2024-01-11T13:56:00.000-05:00,17.05,17.05,17.04,17.045,2365
1704999420,2024-01-11T13:57:00.000-05:00,17.045,17.0472,17.03,17.045,73916
1704999480,2024-01-11T13:58:00.000-05:00,17.045,17.05,17.045,17.045,11266
1704999540,2024-01-11T13:59:00.000-05:00,17.045,17.07,17.045,17.065,22037
1704999600,2024-01-11T14:00:00.000-05:00,17.07,17.0799,17.065,17.065,24694
1704999660,2024-01-11T14:01:00.000-05:00,17.065,17.07,17.06,17.065,10368
1704999720,2024-01-11T14:02:00.000-05:00,17.065,17.099,17.065,17.095,45606
1704999780,2024-01-11T14:03:00.000-05:00,17.095,17.1,17.09,17.1,11220
1704999840,2024-01-11T14:04:00.000-05:00,17.095,17.1,17.09,17.095,5320
1704999900,2024-01-11T14:05:00.000-05:00,17.1,17.1,17.085,17.085,48383
1704999960,2024-01-11T14:06:00.000-05:00,17.085,17.09,17.085,17.09,21015
1705000020,2024-01-11T14:07:00.000-05:00,17.09,17.1,17.085,17.0912,16293
1705000080,2024-01-11T14:08:00.000-05:00,17.1,17.1,17.08,17.085,40268
1705000140,2024-01-11T14:09:00.000-05:00,17.085,17.085,17.0709,17.0709,11852
1705000200,2024-01-11T14:10:00.000-05:00,17.075,17.08,17.07,17.08,11070
1705000260,2024-01-11T14:11:00.000-05:00,17.08,17.0899,17.08,17.0853,13071
1705000320,2024-01-11T14:12:00.000-05:00,17.085,17.09,17.085,17.085,7716
1705000380,2024-01-11T14:13:00.000-05:00,17.09,17.1,17.085,17.0901,33963
1705000440,2024-01-11T14:14:00.000-05:00,17.095,17.1,17.095,17.1,10476
1705000500,2024-01-11T14:15:00.000-05:00,17.105,17.11,17.1008,17.105,5393
1705000560,2024-01-11T14:16:00.000-05:00,17.105,17.11,17.1,17.105,5314
1705000620,2024-01-11T14:17:00.000-05:00,17.105,17.11,17.1017,17.105,35426
1705000680,2024-01-11T14:18:00.000-05:00,17.105,17.11,17.095,17.095,34120
1705000740,2024-01-11T14:19:00.000-05:00,17.0975,17.1,17.08,17.085,34764
1705000800,2024-01-11T14:20:00.000-05:00,17.08,17.09,17.08,17.09,49386
1705000860,2024-01-11T14:21:00.000-05:00,17.09,17.09,17.07,17.075,45111
1705000920,2024-01-11T14:22:00.000-05:00,17.0704,17.0704,17.06,17.065,20552
1705000980,2024-01-11T14:23:00.000-05:00,17.07,17.0799,17.065,17.069,43085
1705001040,2024-01-11T14:24:00.000-05:00,17.065,17.075,17.065,17.07,18102
1705001100,2024-01-11T14:25:00.000-05:00,17.07,17.08,17.07,17.075,9330
1705001160,2024-01-11T14:26:00.000-05:00,17.075,17.08,17.07,17.075,10629
1705001220,2024-01-11T14:27:00.000-05:00,17.075,17.0904,17.0715,17.0904,14893
1705001280,2024-01-11T14:28:00.000-05:00,17.0943,17.125,17.0943,17.105,50432
1705001340,2024-01-11T14:29:00.000-05:00,17.11,17.12,17.105,17.111,37830
1705001400,2024-01-11T14:30:00.000-05:00,17.12,17.12,17.103,17.115,53616
1705001460,2024-01-11T14:31:00.000-05:00,17.1175,17.1175,17.091,17.095,14356
1705001520,2024-01-11T14:32:00.000-05:00,17.095,17.1087,17.095,17.1,19148
1705001580,2024-01-11T14:33:00.000-05:00,17.1,17.105,17.09,17.091,21434
1705001640,2024-01-11T14:34:00.000-05:00,17.09,17.1,17.085,17.0996,23900
1705001700,2024-01-11T14:35:00.000-05:00,17.1,17.11,17.095,17.1001,21099
1705001760,2024-01-11T14:36:00.000-05:00,17.1004,17.1185,17.1,17.115,14628
1705001820,2024-01-11T14:37:00.000-05:00,17.1104,17.1104,17.1,17.1018,11330
1705001880,2024-01-11T14:38:00.000-05:00,17.1008,17.11,17.1,17.1,22714
1705001940,2024-01-11T14:39:00.000-05:00,17.105,17.1199,17.105,17.1199,23327
1705002000,2024-01-11T14:40:00.000-05:00,17.1182,17.13,17.115,17.125,23036
1705002060,2024-01-11T14:41:00.000-05:00,17.13,17.14,17.125,17.135,23392
1705002120,2024-01-11T14:42:00.000-05:00,17.13,17.14,17.125,17.135,37603
1705002180,2024-01-11T14:43:00.000-05:00,17.135,17.14,17.13,17.135,7752
1705002240,2024-01-11T14:44:00.000-05:00,17.135,17.14,17.13,17.13,9409
1705002300,2024-01-11T14:45:00.000-05:00,17.135,17.145,17.13,17.1405,29314
1705002360,2024-01-11T14:46:00.000-05:00,17.145,17.15,17.14,17.145,13972
1705002420,2024-01-11T14:47:00.000-05:00,17.14,17.1499,17.14,17.145,10091
1705002480,2024-01-11T14:48:00.000-05:00,17.15,17.15,17.14,17.145,14706
1705002540,2024-01-11T14:49:00.000-05:00,17.145,17.16,17.145,17.155,20914
1705002600,2024-01-11T14:50:00.000-05:00,17.155,17.17,17.155,17.17,24765
1705002660,2024-01-11T14:51:00.000-05:00,17.165,17.17,17.155,17.155,16191
1705002720,2024-01-11T14:52:00.000-05:00,17.1574,17.16,17.15,17.1599,15902
1705002780,2024-01-11T14:53:00.000-05:00,17.155,17.158,17.15,17.15,9842
1705002840,2024-01-11T14:54:00.000-05:00,17.1512,17.156,17.15,17.15,3660
1705002900,2024-01-11T14:55:00.000-05:00,17.15,17.17,17.15,17.17,27854
1705002960,2024-01-11T14:56:00.000-05:00,17.165,17.17,17.16,17.16,30557
1705003020,2024-01-11T14:57:00.000-05:00,17.165,17.17,17.16,17.16,18256
1705003080,2024-01-11T14:58:00.000-05:00,17.165,17.175,17.16,17.16,48793
1705003140,2024-01-11T14:59:00.000-05:00,17.16,17.17,17.16,17.165,19211
1705003200,2024-01-11T15:00:00.000-05:00,17.1692,17.18,17.16,17.165,44287
1705003260,2024-01-11T15:01:00.000-05:00,17.16,17.165,17.1528,17.155,30906
1705003320,2024-01-11T15:02:00.000-05:00,17.155,17.1599,17.14,17.1426,21418
1705003380,2024-01-11T15:03:00.000-05:00,17.145,17.155,17.145,17.145,30375
1705003440,2024-01-11T15:04:00.000-05:00,17.145,17.15,17.14,17.145,9930
1705003500,2024-01-11T15:05:00.000-05:00,17.145,17.15,17.14,17.145,15136
1705003560,2024-01-11T15:06:00.000-05:00,17.145,17.145,17.13,17.1393,39643
1705003620,2024-01-11T15:07:00.000-05:00,17.135,17.15,17.13,17.132,34462
1705003680,2024-01-11T15:08:00.000-05:00,17.135,17.1372,17.125,17.125,22752
1705003740,2024-01-11T15:09:00.000-05:00,17.13,17.13,17.115,17.1186,30681
1705003800,2024-01-11T15:10:00.000-05:00,17.115,17.117,17.1001,17.11,33132
1705003860,2024-01-11T15:11:00.000-05:00,17.11,17.1199,17.11,17.115,22067
1705003920,2024-01-11T15:12:00.000-05:00,17.115,17.13,17.1118,17.125,22301
1705003980,2024-01-11T15:13:00.000-05:00,17.125,17.13,17.12,17.125,19853
1705004040,2024-01-11T15:14:00.000-05:00,17.13,17.13,17.12,17.125,9966
1705004100,2024-01-11T15:15:00.000-05:00,17.125,17.129,17.11,17.1101,38098
1705004160,2024-01-11T15:16:00.000-05:00,17.11,17.1199,17.1,17.105,54702
1705004220,2024-01-11T15:17:00.000-05:00,17.105,17.1099,17.1,17.105,10136
1705004280,2024-01-11T15:18:00.000-05:00,17.1,17.105,17.09,17.0901,12820
1705004340,2024-01-11T15:19:00.000-05:00,17.09,17.09,17.08,17.085,24058
1705004400,2024-01-11T15:20:00.000-05:00,17.09,17.1,17.085,17.095,23675
1705004460,2024-01-11T15:21:00.000-05:00,17.095,17.11,17.09,17.105,33342
1705004520,2024-01-11T15:22:00.000-05:00,17.105,17.12,17.105,17.115,18294
1705004580,2024-01-11T15:23:00.000-05:00,17.1115,17.12,17.11,17.12,32052
1705004640,2024-01-11T15:24:00.000-05:00,17.12,17.12,17.11,17.1154,23691
1705004700,2024-01-11T15:25:00.000-05:00,17.1146,17.13,17.1146,17.125,59907
1705004760,2024-01-11T15:26:00.000-05:00,17.125,17.14,17.1242,17.1381,32745
1705004820,2024-01-11T15:27:00.000-05:00,17.135,17.14,17.1203,17.135,92689
1705004880,2024-01-11T15:28:00.000-05:00,17.135,17.1399,17.1301,17.1399,4129
1705004940,2024-01-11T15:29:00.000-05:00,17.135,17.14,17.12,17.1211,44335
1705005000,2024-01-11T15:30:00.000-05:00,17.12,17.13,17.12,17.13,37123
1705005060,2024-01-11T15:31:00.000-05:00,17.13,17.13,17.12,17.125,13125
1705005120,2024-01-11T15:32:00.000-05:00,17.125,17.13,17.12,17.125,10973
1705005180,2024-01-11T15:33:00.000-05:00,17.1274,17.13,17.12,17.125,12303
1705005240,2024-01-11T15:34:00.000-05:00,17.125,17.14,17.12,17.14,36783
1705005300,2024-01-11T15:35:00.000-05:00,17.135,17.14,17.13,17.135,31262
1705005360,2024-01-11T15:36:00.000-05:00,17.1328,17.14,17.13,17.135,31144
1705005420,2024-01-11T15:37:00.000-05:00,17.13,17.13,17.12,17.125,52742
1705005480,2024-01-11T15:38:00.000-05:00,17.12,17.13,17.115,17.1287,93315
1705005540,2024-01-11T15:39:00.000-05:00,17.1267,17.14,17.1225,17.14,47523
1705005600,2024-01-11T15:40:00.000-05:00,17.1399,17.14,17.135,17.14,11210
1705005660,2024-01-11T15:41:00.000-05:00,17.14,17.15,17.135,17.15,26139
1705005720,2024-01-11T15:42:00.000-05:00,17.145,17.16,17.145,17.1599,27144
1705005780,2024-01-11T15:43:00.000-05:00,17.155,17.16,17.1518,17.155,13097
1705005840,2024-01-11T15:44:00.000-05:00,17.155,17.16,17.15,17.155,26903
1705005900,2024-01-11T15:45:00.000-05:00,17.155,17.16,17.14,17.145,131905
1705005960,2024-01-11T15:46:00.000-05:00,17.145,17.1451,17.14,17.14,40621
1705006020,2024-01-11T15:47:00.000-05:00,17.14,17.16,17.14,17.155,103828
1705006080,2024-01-11T15:48:00.000-05:00,17.15,17.16,17.15,17.155,30910
1705006140,2024-01-11T15:49:00.000-05:00,17.155,17.17,17.155,17.165,68284
1705006200,2024-01-11T15:50:00.000-05:00,17.165,17.165,17.13,17.135,159890
1705006260,2024-01-11T15:51:00.000-05:00,17.13,17.14,17.12,17.125,82759
1705006320,2024-01-11T15:52:00.000-05:00,17.13,17.14,17.12,17.14,91018
1705006380,2024-01-11T15:53:00.000-05:00,17.135,17.14,17.13,17.14,45177
1705006440,2024-01-11T15:54:00.000-05:00,17.135,17.15,17.13,17.145,115522
1705006500,2024-01-11T15:55:00.000-05:00,17.145,17.15,17.14,17.145,70542
1705006560,2024-01-11T15:56:00.000-05:00,17.145,17.15,17.14,17.14,127739
1705006620,2024-01-11T15:57:00.000-05:00,17.145,17.15,17.14,17.1487,71276
1705006680,2024-01-11T15:58:00.000-05:00,17.1457,17.15,17.14,17.145,144173
1705006740,2024-01-11T15:59:00.000-05:00,17.145,17.16,17.14,17.15,389137
1705006800,2024-01-11T16:00:00.000-05:00,17.15,17.15,17.15,17.15,449644
1705006860,2024-01-11T16:01:00.000-05:00,17.14,17.14,17.14,17.14,2517
1705006920,2024-01-11T16:02:00.000-05:00,17.13,17.13,17.12,17.13,4227
1705006980,2024-01-11T16:03:00.000-05:00,17.14,17.14,17.14,17.14,1002
1705007100,2024-01-11T16:05:00.000-05:00,17.15,17.15,17.1499,17.1499,7969
1705007340,2024-01-11T16:09:00.000-05:00,17.14,17.14,17.14,17.14,689
1705007460,2024-01-11T16:11:00.000-05:00,17.15,17.16,17.15,17.16,2500
1705007820,2024-01-11T16:17:00.000-05:00,17.16,17.17,17.15,17.17,1285
1705008000,2024-01-11T16:20:00.000-05:00,17.15,17.15,17.15,17.15,200
1705008060,2024-01-11T16:21:00.000-05:00,17.165,17.165,17.165,17.165,500
1705008300,2024-01-11T16:25:00.000-05:00,17.16,17.16,17.16,17.16,100
1705008540,2024-01-11T16:29:00.000-05:00,17.15,17.15,17.15,17.15,281935
1705008840,2024-01-11T16:34:00.000-05:00,17.17,17.17,17.17,17.17,2770
1705009020,2024-01-11T16:37:00.000-05:00,17.16,17.16,17.16,17.16,1100
1705009380,2024-01-11T16:43:00.000-05:00,17.16,17.16,17.16,17.16,235
1705010400,2024-01-11T17:00:00.000-05:00,17.1602,17.1602,17.1602,17.1602,258
1705010460,2024-01-11T17:01:00.000-05:00,17.16,17.16,17.16,17.16,1789
1705011000,2024-01-11T17:10:00.000-05:00,17.15,17.15,17.15,17.15,226
1705012080,2024-01-11T17:28:00.000-05:00,17.15,17.15,17.15,17.15,212
1705012320,2024-01-11T17:32:00.000-05:00,17.15,17.15,17.15,17.15,202
1705012740,2024-01-11T17:39:00.000-05:00,17.14,17.14,17.14,17.14,808
1705014300,2024-01-11T18:05:00.000-05:00,17.1481,17.1481,17.1481,17.1481,191
1705014420,2024-01-11T18:07:00.000-05:00,17.15,17.15,17.15,17.15,336
1705014720,2024-01-11T18:12:00.000-05:00,17.18,17.18,17.15,17.16,1400
1705014780,2024-01-11T18:13:00.000-05:00,17.15,17.16,17.15,17.16,1325
1705015320,2024-01-11T18:22:00.000-05:00,17.19,17.19,17.19,17.19,688
1705015800,2024-01-11T18:30:00.000-05:00,17.19,17.19,17.19,17.19,1378
1705016700,2024-01-11T18:45:00.000-05:00,17.21,17.21,17.21,17.21,100
1705017000,2024-01-11T18:50:00.000-05:00,17.205,17.21,17.205,17.21,824
1705017060,2024-01-11T18:51:00.000-05:00,17.21,17.21,17.21,17.21,200
1705017300,2024-01-11T18:55:00.000-05:00,17.21,17.21,17.21,17.21,686
1705017420,2024-01-11T18:57:00.000-05:00,17.21,17.21,17.21,17.21,501
1705017540,2024-01-11T18:59:00.000-05:00,17.2295,17.2295,17.2295,17.2295,525
1705017780,2024-01-11T19:03:00.000-05:00,17.24,17.24,17.23,17.24,1000
1705017840,2024-01-11T19:04:00.000-05:00,17.26,17.26,17.26,17.26,454
1705017900,2024-01-11T19:05:00.000-05:00,17.26,17.26,17.26,17.26,200
1705018620,2024-01-11T19:17:00.000-05:00,17.2119,17.2119,17.2119,17.2119,102
1705019100,2024-01-11T19:25:00.000-05:00,17.24,17.24,17.24,17.24,100
1705019460,2024-01-11T19:31:00.000-05:00,17.26,17.26,17.24,17.24,1101
1705020540,2024-01-11T19:49:00.000-05:00,17.26,17.26,17.26,17.26,1803
1705020840,2024-01-11T19:54:00.000-05:00,17.26,17.26,17.26,17.26,100
1705041600,2024-01-12T01:40:00.000-05:00,17.29,17.29,17.29,17.29,290
1705050600,2024-01-12T04:10:00.000-05:00,17.29,17.29,17.29,17.29,504
1705051200,2024-01-12T04:20:00.000-05:00,17.35,17.35,17.35,17.35,150
1705051860,2024-01-12T04:31:00.000-05:00,17.35,17.37,17.35,17.37,2166
1705052640,2024-01-12T04:44:00.000-05:00,17.35,17.35,17.35,17.35,500
1705053060,2024-01-12T04:51:00.000-05:00,17.3,17.3,17.3,17.3,250
1705056960,2024-01-12T05:56:00.000-05:00,17.36,17.36,17.36,17.36,100
1705058160,2024-01-12T06:16:00.000-05:00,17.38,17.38,17.37,17.38,1168
1705058760,2024-01-12T06:26:00.000-05:00,17.4,17.42,17.4,17.42,1015
1705059900,2024-01-12T06:45:00.000-05:00,17.38,17.38,17.38,17.38,600
1705060140,2024-01-12T06:49:00.000-05:00,17.38,17.38,17.38,17.38,100
1705060200,2024-01-12T06:50:00.000-05:00,17.38,17.38,17.38,17.38,208
1705060800,2024-01-12T07:00:00.000-05:00,17.39,17.39,17.37,17.37,1329
1705060860,2024-01-12T07:01:00.000-05:00,17.39,17.4,17.39,17.4,6338
1705060980,2024-01-12T07:03:00.000-05:00,17.4,17.41,17.4,17.41,8656
1705061040,2024-01-12T07:04:00.000-05:00,17.4,17.4,17.3901,17.3901,1740
1705061100,2024-01-12T07:05:00.000-05:00,17.41,17.41,17.41,17.41,300
1705061160,2024-01-12T07:06:00.000-05:00,17.41,17.41,17.41,17.41,936
1705061220,2024-01-12T07:07:00.000-05:00,17.41,17.44,17.41,17.44,4511
1705061280,2024-01-12T07:08:00.000-05:00,17.43,17.43,17.43,17.43,2000
1705061340,2024-01-12T07:09:00.000-05:00,17.45,17.46,17.45,17.46,2672
1705061460,2024-01-12T07:11:00.000-05:00,17.48,17.48,17.48,17.48,559
1705061520,2024-01-12T07:12:00.000-05:00,17.46,17.46,17.46,17.46,110
1705061580,2024-01-12T07:13:00.000-05:00,17.46,17.46,17.46,17.46,199
1705061640,2024-01-12T07:14:00.000-05:00,17.4,17.4,17.4,17.4,200
1705062000,2024-01-12T07:20:00.000-05:00,17.4496,17.4496,17.4496,17.4496,2500
1705062120,2024-01-12T07:22:00.000-05:00,17.4208,17.43,17.4208,17.43,1050
1705062180,2024-01-12T07:23:00.000-05:00,17.42,17.42,17.42,17.42,431
1705062360,2024-01-12T07:26:00.000-05:00,17.4,17.4,17.4,17.4,2338
1705062480,2024-01-12T07:28:00.000-05:00,17.4,17.41,17.4,17.41,1526
1705062600,2024-01-12T07:30:00.000-05:00,17.41,17.41,17.39,17.39,557
1705062660,2024-01-12T07:31:00.000-05:00,17.38,17.38,17.37,17.3797,4223
1705062720,2024-01-12T07:32:00.000-05:00,17.38,17.38,17.37,17.38,7351
1705062780,2024-01-12T07:33:00.000-05:00,17.39,17.39,17.39,17.39,2059
1705062840,2024-01-12T07:34:00.000-05:00,17.39,17.39,17.38,17.39,3383
1705062900,2024-01-12T07:35:00.000-05:00,17.4,17.4,17.39,17.4,2476
1705062960,2024-01-12T07:36:00.000-05:00,17.4,17.4,17.4,17.4,600
1705063020,2024-01-12T07:37:00.000-05:00,17.4,17.4,17.4,17.4,1099
1705063080,2024-01-12T07:38:00.000-05:00,17.4,17.4,17.4,17.4,5576
1705063140,2024-01-12T07:39:00.000-05:00,17.41,17.41,17.41,17.41,600
1705063200,2024-01-12T07:40:00.000-05:00,17.39,17.39,17.39,17.39,112
1705063260,2024-01-12T07:41:00.000-05:00,17.4,17.4,17.4,17.4,903
1705063380,2024-01-12T07:43:00.000-05:00,17.4,17.4,17.4,17.4,1000
1705063500,2024-01-12T07:45:00.000-05:00,17.4,17.4,17.4,17.4,109
1705063740,2024-01-12T07:49:00.000-05:00,17.38,17.38,17.38,17.38,311
1705063800,2024-01-12T07:50:00.000-05:00,17.38,17.38,17.38,17.38,535
1705063860,2024-01-12T07:51:00.000-05:00,17.38,17.39,17.38,17.39,948
1705064100,2024-01-12T07:55:00.000-05:00,17.37,17.37,17.37,17.37,301
1705064160,2024-01-12T07:56:00.000-05:00,17.37,17.37,17.37,17.37,199
1705064220,2024-01-12T07:57:00.000-05:00,17.38,17.39,17.38,17.39,1100
1705064280,2024-01-12T07:58:00.000-05:00,17.3893,17.3893,17.3893,17.3893,1052
1705064400,2024-01-12T08:00:00.000-05:00,17.36,17.36,17.36,17.36,309
1705064460,2024-01-12T08:01:00.000-05:00,17.38,17.39,17.38,17.39,2006
1705064580,2024-01-12T08:03:00.000-05:00,17.37,17.37,17.36,17.37,3766
1705064640,2024-01-12T08:04:00.000-05:00,17.37,17.37,17.37,17.37,590
1705064700,2024-01-12T08:05:00.000-05:00,17.38,17.38,17.38,17.38,110
1705064760,2024-01-12T08:06:00.000-05:00,17.35,17.35,17.35,17.35,1000
1705065000,2024-01-12T08:10:00.000-05:00,17.37,17.37,17.37,17.37,521
1705065180,2024-01-12T08:13:00.000-05:00,17.37,17.37,17.36,17.36,1087
1705065300,2024-01-12T08:15:00.000-05:00,17.4,17.4,17.4,17.4,1510
1705065660,2024-01-12T08:21:00.000-05:00,17.36,17.36,17.35,17.35,2301
1705065720,2024-01-12T08:22:00.000-05:00,17.3599,17.3599,17.35,17.35,601
1705065840,2024-01-12T08:24:00.000-05:00,17.34,17.34,17.34,17.34,200
1705065960,2024-01-12T08:26:00.000-05:00,17.35,17.35,17.35,17.35,2130
1705066020,2024-01-12T08:27:00.000-05:00,17.38,17.38,17.38,17.38,200
1705066140,2024-01-12T08:29:00.000-05:00,17.41,17.41,17.41,17.41,2500
1705066200,2024-01-12T08:30:00.000-05:00,17.42,17.47,17.41,17.47,3745
1705066260,2024-01-12T08:31:00.000-05:00,17.47,17.5,17.47,17.48,6443
1705066440,2024-01-12T08:34:00.000-05:00,17.4403,17.4403,17.4403,17.4403,304
1705066500,2024-01-12T08:35:00.000-05:00,17.4513,17.4513,17.4513,17.4513,320
1705066560,2024-01-12T08:36:00.000-05:00,17.48,17.5,17.48,17.5,2905
1705066620,2024-01-12T08:37:00.000-05:00,17.5,17.56,17.5,17.56,2324
1705066680,2024-01-12T08:38:00.000-05:00,17.54,17.55,17.54,17.55,1313
1705066740,2024-01-12T08:39:00.000-05:00,17.5499,17.55,17.5499,17.55,1004
1705066860,2024-01-12T08:41:00.000-05:00,17.53,17.53,17.53,17.53,100
1705066920,2024-01-12T08:42:00.000-05:00,17.55,17.55,17.55,17.55,9002
1705066980,2024-01-12T08:43:00.000-05:00,17.55,17.55,17.53,17.53,1346
1705067100,2024-01-12T08:45:00.000-05:00,17.51,17.51,17.51,17.51,250
1705067160,2024-01-12T08:46:00.000-05:00,17.51,17.51,17.51,17.51,303
1705067220,2024-01-12T08:47:00.000-05:00,17.53,17.53,17.53,17.53,171
1705067280,2024-01-12T08:48:00.000-05:00,17.55,17.55,17.54,17.54,15195
1705067340,2024-01-12T08:49:00.000-05:00,17.52,17.52,17.52,17.52,1500
1705067520,2024-01-12T08:52:00.000-05:00,17.55,17.55,17.55,17.55,1115
1705067580,2024-01-12T08:53:00.000-05:00,17.56,17.57,17.55,17.55,2236
1705067640,2024-01-12T08:54:00.000-05:00,17.56,17.56,17.56,17.56,1052
1705067700,2024-01-12T08:55:00.000-05:00,17.57,17.57,17.57,17.57,724
1705067820,2024-01-12T08:57:00.000-05:00,17.57,17.57,17.57,17.57,401
1705067880,2024-01-12T08:58:00.000-05:00,17.58,17.59,17.58,17.58,2088
1705067940,2024-01-12T08:59:00.000-05:00,17.59,17.6,17.59,17.6,1641
1705068000,2024-01-12T09:00:00.000-05:00,17.58,17.61,17.58,17.61,1156
1705068060,2024-01-12T09:01:00.000-05:00,17.58,17.61,17.58,17.58,4580
1705068120,2024-01-12T09:02:00.000-05:00,17.6,17.62,17.6,17.62,3274
1705068180,2024-01-12T09:03:00.000-05:00,17.62,17.64,17.62,17.63,5846
1705068240,2024-01-12T09:04:00.000-05:00,17.67,17.67,17.6,17.62,10249
1705068300,2024-01-12T09:05:00.000-05:00,17.61,17.62,17.61,17.62,5726
1705068360,2024-01-12T09:06:00.000-05:00,17.6,17.6,17.6,17.6,664
1705068420,2024-01-12T09:07:00.000-05:00,17.62,17.63,17.62,17.63,1340
1705068480,2024-01-12T09:08:00.000-05:00,17.64,17.65,17.6,17.65,618
1705068540,2024-01-12T09:09:00.000-05:00,17.6,17.62,17.6,17.6,8940
1705068600,2024-01-12T09:10:00.000-05:00,17.61,17.61,17.5516,17.5516,8412
1705068660,2024-01-12T09:11:00.000-05:00,17.58,17.6,17.58,17.59,1033
1705068720,2024-01-12T09:12:00.000-05:00,17.59,17.59,17.59,17.59,1708
1705068780,2024-01-12T09:13:00.000-05:00,17.58,17.59,17.5,17.5,10996
1705068840,2024-01-12T09:14:00.000-05:00,17.5,17.52,17.49,17.52,1129
1705068900,2024-01-12T09:15:00.000-05:00,17.53,17.57,17.52,17.57,4953
1705068960,2024-01-12T09:16:00.000-05:00,17.54,17.54,17.54,17.54,3076
1705069080,2024-01-12T09:18:00.000-05:00,17.53,17.53,17.53,17.53,3059
1705069140,2024-01-12T09:19:00.000-05:00,17.5499,17.55,17.53,17.55,4516
1705069200,2024-01-12T09:20:00.000-05:00,17.55,17.55,17.55,17.55,997
1705069380,2024-01-12T09:23:00.000-05:00,17.55,17.55,17.55,17.55,957
1705069440,2024-01-12T09:24:00.000-05:00,17.56,17.56,17.56,17.56,1074
1705069500,2024-01-12T09:25:00.000-05:00,17.5688,17.5688,17.5688,17.5688,300
1705069620,2024-01-12T09:27:00.000-05:00,17.57,17.59,17.57,17.59,14414
1705069680,2024-01-12T09:28:00.000-05:00,17.59,17.59,17.57,17.57,830
1705069800,2024-01-12T09:30:00.000-05:00,17.58,17.59,17.55,17.56,24959
1705069860,2024-01-12T09:31:00.000-05:00,17.575,17.63,17.57,17.615,295612
1705069920,2024-01-12T09:32:00.000-05:00,17.61,17.72,17.605,17.71,127909
1705069980,2024-01-12T09:33:00.000-05:00,17.715,17.73,17.665,17.6708,53244
1705070040,2024-01-12T09:34:00.000-05:00,17.6728,17.73,17.67,17.725,67570
1705070100,2024-01-12T09:35:00.000-05:00,17.73,17.79,17.7262,17.73,149516
1705070160,2024-01-12T09:36:00.000-05:00,17.73,17.81,17.73,17.81,82021
1705070220,2024-01-12T09:37:00.000-05:00,17.81,17.82,17.73,17.745,61253
1705070280,2024-01-12T09:38:00.000-05:00,17.74,17.74,17.665,17.6783,134328
1705070340,2024-01-12T09:39:00.000-05:00,17.6798,17.7,17.63,17.63,88182
1705070400,2024-01-12T09:40:00.000-05:00,17.62,17.6599,17.615,17.65,91780
1705070460,2024-01-12T09:41:00.000-05:00,17.6495,17.675,17.635,17.67,53949
1705070520,2024-01-12T09:42:00.000-05:00,17.665,17.685,17.665,17.675,41358
1705070580,2024-01-12T09:43:00.000-05:00,17.6783,17.735,17.675,17.725,30595
1705070640,2024-01-12T09:44:00.000-05:00,17.725,17.75,17.72,17.75,46084
1705070700,2024-01-12T09:45:00.000-05:00,17.74,17.745,17.69,17.6916,39081
1705070760,2024-01-12T09:46:00.000-05:00,17.695,17.71,17.685,17.7054,61279
1705070820,2024-01-12T09:47:00.000-05:00,17.7,17.71,17.68,17.685,34418
1705070880,2024-01-12T09:48:00.000-05:00,17.685,17.7002,17.68,17.69,32963
1705070940,2024-01-12T09:49:00.000-05:00,17.69,17.7,17.67,17.68,39670
1705071000,2024-01-12T09:50:00.000-05:00,17.675,17.6771,17.63,17.6457,58057
1705071060,2024-01-12T09:51:00.000-05:00,17.65,17.655,17.63,17.635,27886
1705071120,2024-01-12T09:52:00.000-05:00,17.64,17.66,17.635,17.65,23247
1705071180,2024-01-12T09:53:00.000-05:00,17.6403,17.6403,17.6,17.6057,41456
1705071240,2024-01-12T09:54:00.000-05:00,17.6,17.6377,17.6,17.62,56892
1705071300,2024-01-12T09:55:00.000-05:00,17.62,17.64,17.605,17.64,49603
1705071360,2024-01-12T09:56:00.000-05:00,17.64,17.655,17.6216,17.6216,35221
1705071420,2024-01-12T09:57:00.000-05:00,17.625,17.635,17.61,17.625,32928
1705071480,2024-01-12T09:58:00.000-05:00,17.625,17.635,17.62,17.625,19946
1705071540,2024-01-12T09:59:00.000-05:00,17.625,17.625,17.59,17.605,38874
1705071600,2024-01-12T10:00:00.000-05:00,17.605,17.605,17.55,17.555,89010
1705071660,2024-01-12T10:01:00.000-05:00,17.55,17.58,17.545,17.565,55252
1705071720,2024-01-12T10:02:00.000-05:00,17.57,17.575,17.5448,17.55,43588
1705071780,2024-01-12T10:03:00.000-05:00,17.5407,17.56,17.54,17.555,13992
1705071840,2024-01-12T10:04:00.000-05:00,17.55,17.55,17.525,17.54,37333
1705071900,2024-01-12T10:05:00.000-05:00,17.54,17.57,17.54,17.5599,11227
1705071960,2024-01-12T10:06:00.000-05:00,17.56,17.565,17.55,17.555,13359
1705072020,2024-01-12T10:07:00.000-05:00,17.565,17.59,17.55,17.5887,29903
1705072080,2024-01-12T10:08:00.000-05:00,17.59,17.65,17.585,17.62,52022
1705072140,2024-01-12T10:09:00.000-05:00,17.625,17.625,17.59,17.62,29288
1705072200,2024-01-12T10:10:00.000-05:00,17.615,17.62,17.585,17.61,50954
1705072260,2024-01-12T10:11:00.000-05:00,17.605,17.61,17.57,17.5999,46297
1705072320,2024-01-12T10:12:00.000-05:00,17.6,17.63,17.595,17.63,32006
1705072380,2024-01-12T10:13:00.000-05:00,17.64,17.66,17.64,17.65,34062
1705072440,2024-01-12T10:14:00.000-05:00,17.65,17.665,17.64,17.655,37682
1705072500,2024-01-12T10:15:00.000-05:00,17.655,17.66,17.65,17.6599,19816
1705072560,2024-01-12T10:16:00.000-05:00,17.66,17.69,17.66,17.68,47700
1705072620,2024-01-12T10:17:00.000-05:00,17.675,17.68,17.635,17.645,36867
1705072680,2024-01-12T10:18:00.000-05:00,17.645,17.65,17.6,17.61,23087
1705072740,2024-01-12T10:19:00.000-05:00,17.6098,17.62,17.6,17.605,27985
1705072800,2024-01-12T10:20:00.000-05:00,17.605,17.62,17.6,17.605,37456
1705072860,2024-01-12T10:21:00.000-05:00,17.605,17.62,17.6003,17.615,22776
1705072920,2024-01-12T10:22:00.000-05:00,17.6101,17.6257,17.6,17.605,18804
1705072980,2024-01-12T10:23:00.000-05:00,17.605,17.63,17.6,17.63,34133
1705073040,2024-01-12T10:24:00.000-05:00,17.635,17.64,17.615,17.62,14415
1705073100,2024-01-12T10:25:00.000-05:00,17.6201,17.63,17.61,17.61,14712
1705073160,2024-01-12T10:26:00.000-05:00,17.6101,17.6101,17.59,17.6,43080
1705073220,2024-01-12T10:27:00.000-05:00,17.605,17.61,17.6005,17.6045,10866
1705073280,2024-01-12T10:28:00.000-05:00,17.6,17.61,17.5937,17.5937,18151
1705073340,2024-01-12T10:29:00.000-05:00,17.6,17.63,17.6,17.625,28184
1705073400,2024-01-12T10:30:00.000-05:00,17.63,17.64,17.62,17.635,18983
1705073460,2024-01-12T10:31:00.000-05:00,17.64,17.6755,17.64,17.66,40449
1705073520,2024-01-12T10:32:00.000-05:00,17.665,17.67,17.64,17.6448,34212
1705073580,2024-01-12T10:33:00.000-05:00,17.64,17.66,17.635,17.6499,33727
1705073640,2024-01-12T10:34:00.000-05:00,17.65,17.66,17.6401,17.645,17322
1705073700,2024-01-12T10:35:00.000-05:00,17.65,17.66,17.635,17.64,30776
1705073760,2024-01-12T10:36:00.000-05:00,17.63,17.64,17.6,17.609,41180
1705073820,2024-01-12T10:37:00.000-05:00,17.6001,17.6099,17.59,17.59,54776
1705073880,2024-01-12T10:38:00.000-05:00,17.59,17.6,17.585,17.585,25782
1705073940,2024-01-12T10:39:00.000-05:00,17.585,17.585,17.57,17.57,32664
1705074000,2024-01-12T10:40:00.000-05:00,17.57,17.59,17.57,17.585,11607
1705074060,2024-01-12T10:41:00.000-05:00,17.5897,17.6,17.58,17.585,21386
1705074120,2024-01-12T10:42:00.000-05:00,17.585,17.585,17.57,17.57,20712
1705074180,2024-01-12T10:43:00.000-05:00,17.565,17.565,17.54,17.54,33831
1705074240,2024-01-12T10:44:00.000-05:00,17.54,17.55,17.53,17.54,19452
1705074300,2024-01-12T10:45:00.000-05:00,17.542,17.55,17.53,17.544,25067
1705074360,2024-01-12T10:46:00.000-05:00,17.545,17.56,17.54,17.55,24729
1705074420,2024-01-12T10:47:00.000-05:00,17.55,17.5699,17.55,17.555,49257
1705074480,2024-01-12T10:48:00.000-05:00,17.555,17.57,17.545,17.569,73229
1705074540,2024-01-12T10:49:00.000-05:00,17.565,17.57,17.54,17.55,33456
1705074600,2024-01-12T10:50:00.000-05:00,17.555,17.56,17.55,17.555,17637
1705074660,2024-01-12T10:51:00.000-05:00,17.55,17.58,17.55,17.575,27589
1705074720,2024-01-12T10:52:00.000-05:00,17.57,17.585,17.56,17.58,48507
1705074780,2024-01-12T10:53:00.000-05:00,17.57,17.58,17.56,17.565,14642
1705074840,2024-01-12T10:54:00.000-05:00,17.5694,17.58,17.55,17.5699,34511
1705074900,2024-01-12T10:55:00.000-05:00,17.57,17.575,17.56,17.575,28316
1705074960,2024-01-12T10:56:00.000-05:00,17.57,17.59,17.565,17.575,35561
1705075020,2024-01-12T10:57:00.000-05:00,17.575,17.5888,17.565,17.5801,41699
1705075080,2024-01-12T10:58:00.000-05:00,17.58,17.59,17.58,17.59,18526
1705075140,2024-01-12T10:59:00.000-05:00,17.59,17.6,17.59,17.5954,3783
1705075200,2024-01-12T11:00:00.000-05:00,17.6,17.6,17.59,17.5902,4939
1705075260,2024-01-12T11:01:00.000-05:00,17.59,17.6,17.555,17.56,64969
1705075320,2024-01-12T11:02:00.000-05:00,17.568,17.58,17.56,17.58,18749
1705075380,2024-01-12T11:03:00.000-05:00,17.575,17.6,17.575,17.595,22621
1705075440,2024-01-12T11:04:00.000-05:00,17.595,17.61,17.585,17.587,42346
1705075500,2024-01-12T11:05:00.000-05:00,17.585,17.59,17.57,17.575,28003
1705075560,2024-01-12T11:06:00.000-05:00,17.5799,17.59,17.57,17.585,15167
1705075620,2024-01-12T11:07:00.000-05:00,17.5857,17.606,17.58,17.6,24999
1705075680,2024-01-12T11:08:00.000-05:00,17.6,17.639,17.6,17.635,56520
1705075740,2024-01-12T11:09:00.000-05:00,17.635,17.65,17.635,17.64,30527
1705075800,2024-01-12T11:10:00.000-05:00,17.64,17.65,17.63,17.635,53976
1705075860,2024-01-12T11:11:00.000-05:00,17.64,17.64,17.61,17.635,67961
1705075920,2024-01-12T11:12:00.000-05:00,17.635,17.64,17.62,17.625,13906
1705075980,2024-01-12T11:13:00.000-05:00,17.63,17.64,17.62,17.625,27735
1705076040,2024-01-12T11:14:00.000-05:00,17.63,17.645,17.625,17.635,70591
1705076100,2024-01-12T11:15:00.000-05:00,17.635,17.64,17.61,17.625,43521
1705076160,2024-01-12T11:16:00.000-05:00,17.625,17.64,17.61,17.635,48546
1705076220,2024-01-12T11:17:00.000-05:00,17.64,17.66,17.64,17.655,41606
1705076280,2024-01-12T11:18:00.000-05:00,17.657,17.6699,17.65,17.665,28803
1705076340,2024-01-12T11:19:00.000-05:00,17.66,17.67,17.65,17.66,31804
1705076400,2024-01-12T11:20:00.000-05:00,17.66,17.67,17.65,17.655,30246
1705076460,2024-01-12T11:21:00.000-05:00,17.66,17.67,17.66,17.665,40720
1705076520,2024-01-12T11:22:00.000-05:00,17.67,17.68,17.645,17.645,60159
1705076580,2024-01-12T11:23:00.000-05:00,17.645,17.67,17.645,17.67,17121
1705076640,2024-01-12T11:24:00.000-05:00,17.67,17.68,17.66,17.68,25898
1705076700,2024-01-12T11:25:00.000-05:00,17.675,17.69,17.67,17.69,27360
1705076760,2024-01-12T11:26:00.000-05:00,17.69,17.7,17.68,17.69,60600
1705076820,2024-01-12T11:27:00.000-05:00,17.6801,17.69,17.68,17.69,21050
1705076880,2024-01-12T11:28:00.000-05:00,17.6896,17.7,17.685,17.695,36109
1705076940,2024-01-12T11:29:00.000-05:00,17.695,17.7,17.69,17.695,18955
1705077000,2024-01-12T11:30:00.000-05:00,17.69,17.7,17.67,17.675,40116
1705077060,2024-01-12T11:31:00.000-05:00,17.6725,17.6899,17.67,17.675,79040
1705077120,2024-01-12T11:32:00.000-05:00,17.67,17.6799,17.6647,17.6799,62285
1705077180,2024-01-12T11:33:00.000-05:00,17.675,17.675,17.66,17.665,42086
1705077240,2024-01-12T11:34:00.000-05:00,17.665,17.67,17.66,17.665,21418
1705077300,2024-01-12T11:35:00.000-05:00,17.6605,17.67,17.65,17.665,61522
1705077360,2024-01-12T11:36:00.000-05:00,17.67,17.68,17.66,17.669,30411
1705077420,2024-01-12T11:37:00.000-05:00,17.665,17.665,17.63,17.635,81960
1705077480,2024-01-12T11:38:00.000-05:00,17.6371,17.64,17.62,17.63,47201
1705077540,2024-01-12T11:39:00.000-05:00,17.625,17.63,17.61,17.625,39752
1705077600,2024-01-12T11:40:00.000-05:00,17.6297,17.655,17.6297,17.65,80008
1705077660,2024-01-12T11:41:00.000-05:00,17.64,17.6495,17.63,17.64,36723
1705077720,2024-01-12T11:42:00.000-05:00,17.64,17.64,17.63,17.635,23735
1705077780,2024-01-12T11:43:00.000-05:00,17.635,17.6466,17.63,17.6466,20496
1705077840,2024-01-12T11:44:00.000-05:00,17.6407,17.65,17.64,17.645,9275
1705077900,2024-01-12T11:45:00.000-05:00,17.64,17.6404,17.615,17.635,64800
1705077960,2024-01-12T11:46:00.000-05:00,17.6317,17.6355,17.63,17.633,12974
1705078020,2024-01-12T11:47:00.000-05:00,17.64,17.65,17.635,17.645,18622
1705078080,2024-01-12T11:48:00.000-05:00,17.648,17.66,17.64,17.645,51859
1705078140,2024-01-12T11:49:00.000-05:00,17.64,17.645,17.63,17.635,57438
1705078200,2024-01-12T11:50:00.000-05:00,17.635,17.64,17.63,17.635,26701
1705078260,2024-01-12T11:51:00.000-05:00,17.64,17.6451,17.6346,17.64,50820
1705078320,2024-01-12T11:52:00.000-05:00,17.64,17.65,17.61,17.615,46769
1705078380,2024-01-12T11:53:00.000-05:00,17.62,17.64,17.61,17.6371,41991
1705078440,2024-01-12T11:54:00.000-05:00,17.635,17.64,17.63,17.63,21286
1705078500,2024-01-12T11:55:00.000-05:00,17.64,17.64,17.62,17.62,8010
1705078560,2024-01-12T11:56:00.000-05:00,17.62,17.62,17.59,17.595,31778
1705078620,2024-01-12T11:57:00.000-05:00,17.595,17.5999,17.5841,17.5997,26949
1705078680,2024-01-12T11:58:00.000-05:00,17.5911,17.6,17.585,17.585,33147
1705078740,2024-01-12T11:59:00.000-05:00,17.59,17.595,17.58,17.5803,37946
1705078800,2024-01-12T12:00:00.000-05:00,17.58,17.585,17.56,17.565,63588
1705078860,2024-01-12T12:01:00.000-05:00,17.56,17.565,17.543,17.545,30160
1705078920,2024-01-12T12:02:00.000-05:00,17.5424,17.55,17.535,17.535,22665
1705078980,2024-01-12T12:03:00.000-05:00,17.535,17.549,17.5325,17.54,57205
1705079040,2024-01-12T12:04:00.000-05:00,17.54,17.54,17.52,17.535,46811
1705079100,2024-01-12T12:05:00.000-05:00,17.535,17.55,17.53,17.545,13912
1705079160,2024-01-12T12:06:00.000-05:00,17.55,17.56,17.55,17.55,18404
1705079220,2024-01-12T12:07:00.000-05:00,17.555,17.58,17.55,17.55,36268
1705079280,2024-01-12T12:08:00.000-05:00,17.551,17.5599,17.5457,17.5595,53118
1705079340,2024-01-12T12:09:00.000-05:00,17.555,17.56,17.545,17.55,27228
1705079400,2024-01-12T12:10:00.000-05:00,17.559,17.559,17.535,17.545,30143
1705079460,2024-01-12T12:11:00.000-05:00,17.545,17.545,17.54,17.545,10352
1705079520,2024-01-12T12:12:00.000-05:00,17.54,17.5688,17.54,17.5688,53004
1705079580,2024-01-12T12:13:00.000-05:00,17.5603,17.565,17.54,17.545,47542
1705079640,2024-01-12T12:14:00.000-05:00,17.54,17.5499,17.535,17.54,11401
1705079700,2024-01-12T12:15:00.000-05:00,17.545,17.56,17.53,17.56,48295
1705079760,2024-01-12T12:16:00.000-05:00,17.555,17.56,17.545,17.5535,39334
1705079820,2024-01-12T12:17:00.000-05:00,17.555,17.56,17.54,17.54,24390
1705079880,2024-01-12T12:18:00.000-05:00,17.545,17.5499,17.535,17.545,45234
1705079940,2024-01-12T12:19:00.000-05:00,17.545,17.55,17.535,17.545,52611
1705080000,2024-01-12T12:20:00.000-05:00,17.545,17.545,17.53,17.54,57430
1705080060,2024-01-12T12:21:00.000-05:00,17.54,17.545,17.53,17.545,27009
1705080120,2024-01-12T12:22:00.000-05:00,17.5426,17.55,17.54,17.55,5925
1705080180,2024-01-12T12:23:00.000-05:00,17.55,17.55,17.535,17.54,34733
1705080240,2024-01-12T12:24:00.000-05:00,17.535,17.535,17.525,17.525,20999
1705080300,2024-01-12T12:25:00.000-05:00,17.525,17.525,17.505,17.51,54859
1705080360,2024-01-12T12:26:00.000-05:00,17.51,17.52,17.5,17.51,60099
1705080420,2024-01-12T12:27:00.000-05:00,17.51,17.535,17.51,17.5335,35606
1705080480,2024-01-12T12:28:00.000-05:00,17.535,17.54,17.53,17.54,19740
1705080540,2024-01-12T12:29:00.000-05:00,17.5428,17.55,17.54,17.545,5518
1705080600,2024-01-12T12:30:00.000-05:00,17.54,17.55,17.53,17.535,14489
1705080660,2024-01-12T12:31:00.000-05:00,17.54,17.545,17.53,17.54,31980
1705080720,2024-01-12T12:32:00.000-05:00,17.54,17.5401,17.5109,17.525,63503
1705080780,2024-01-12T12:33:00.000-05:00,17.525,17.53,17.52,17.52,10035
1705080840,2024-01-12T12:34:00.000-05:00,17.52,17.5299,17.52,17.525,2210
1705080900,2024-01-12T12:35:00.000-05:00,17.5263,17.53,17.5,17.51,21520
1705080960,2024-01-12T12:36:00.000-05:00,17.51,17.53,17.5097,17.525,26952
1705081020,2024-01-12T12:37:00.000-05:00,17.53,17.535,17.52,17.535,15403
1705081080,2024-01-12T12:38:00.000-05:00,17.5341,17.535,17.53,17.5306,6053
1705081140,2024-01-12T12:39:00.000-05:00,17.535,17.5462,17.535,17.545,18309
1705081200,2024-01-12T12:40:00.000-05:00,17.545,17.55,17.54,17.55,13864
1705081260,2024-01-12T12:41:00.000-05:00,17.5457,17.56,17.5315,17.54,41228
1705081320,2024-01-12T12:42:00.000-05:00,17.535,17.55,17.535,17.55,35905
1705081380,2024-01-12T12:43:00.000-05:00,17.5499,17.555,17.545,17.5511,23402
1705081440,2024-01-12T12:44:00.000-05:00,17.56,17.56,17.555,17.555,8075
1705081500,2024-01-12T12:45:00.000-05:00,17.5596,17.5596,17.55,17.555,9695
1705081560,2024-01-12T12:46:00.000-05:00,17.555,17.56,17.54,17.551,58906
1705081620,2024-01-12T12:47:00.000-05:00,17.555,17.555,17.545,17.5492,21390
1705081680,2024-01-12T12:48:00.000-05:00,17.545,17.55,17.5332,17.545,42897
1705081740,2024-01-12T12:49:00.000-05:00,17.545,17.56,17.5401,17.5598,35387
1705081800,2024-01-12T12:50:00.000-05:00,17.555,17.5595,17.55,17.555,13045
1705081860,2024-01-12T12:51:00.000-05:00,17.555,17.57,17.555,17.565,64961
1705081920,2024-01-12T12:52:00.000-05:00,17.56,17.58,17.555,17.575,124221
1705081980,2024-01-12T12:53:00.000-05:00,17.57,17.595,17.57,17.595,57221
1705082040,2024-01-12T12:54:00.000-05:00,17.595,17.5972,17.59,17.595,27460
1705082100,2024-01-12T12:55:00.000-05:00,17.595,17.61,17.595,17.605,32124
1705082160,2024-01-12T12:56:00.000-05:00,17.6,17.61,17.59,17.595,42307
1705082220,2024-01-12T12:57:00.000-05:00,17.59,17.5997,17.58,17.595,54046
1705082280,2024-01-12T12:58:00.000-05:00,17.59,17.6,17.5801,17.595,45016
1705082340,2024-01-12T12:59:00.000-05:00,17.5902,17.598,17.59,17.59,19079
1705082400,2024-01-12T13:00:00.000-05:00,17.5904,17.6182,17.59,17.595,107632
1705082460,2024-01-12T13:01:00.000-05:00,17.595,17.6,17.5801,17.595,106743
1705082520,2024-01-12T13:02:00.000-05:00,17.6,17.6,17.5918,17.595,21247
1705082580,2024-01-12T13:03:00.000-05:00,17.5901,17.6,17.585,17.585,47331
1705082640,2024-01-12T13:04:00.000-05:00,17.59,17.59,17.58,17.585,13766
1705082700,2024-01-12T13:05:00.000-05:00,17.5898,17.6,17.5801,17.595,66199
1705082760,2024-01-12T13:06:00.000-05:00,17.59,17.6,17.585,17.595,36055
1705082820,2024-01-12T13:07:00.000-05:00,17.5999,17.5999,17.59,17.59,4513
1705082880,2024-01-12T13:08:00.000-05:00,17.59,17.61,17.59,17.605,30702
1705082940,2024-01-12T13:09:00.000-05:00,17.605,17.62,17.6,17.6197,40803
1705083000,2024-01-12T13:10:00.000-05:00,17.61,17.62,17.61,17.62,26338
1705083060,2024-01-12T13:11:00.000-05:00,17.62,17.63,17.619,17.625,20439
1705083120,2024-01-12T13:12:00.000-05:00,17.62,17.6357,17.62,17.63,23251
1705083180,2024-01-12T13:13:00.000-05:00,17.635,17.64,17.62,17.625,20576
1705083240,2024-01-12T13:14:00.000-05:00,17.625,17.63,17.6211,17.625,43759
1705083300,2024-01-12T13:15:00.000-05:00,17.625,17.63,17.62,17.625,35435
1705083360,2024-01-12T13:16:00.000-05:00,17.6248,17.64,17.62,17.635,23155
1705083420,2024-01-12T13:17:00.000-05:00,17.64,17.65,17.6329,17.65,50022
1705083480,2024-01-12T13:18:00.000-05:00,17.645,17.66,17.645,17.655,51514
1705083540,2024-01-12T13:19:00.000-05:00,17.6597,17.66,17.65,17.66,8146
1705083600,2024-01-12T13:20:00.000-05:00,17.6594,17.66,17.65,17.655,27178
1705083660,2024-01-12T13:21:00.000-05:00,17.655,17.67,17.65,17.67,68964
1705083720,2024-01-12T13:22:00.000-05:00,17.67,17.68,17.665,17.675,59149
1705083780,2024-01-12T13:23:00.000-05:00,17.675,17.68,17.65,17.65,89128
1705083840,2024-01-12T13:24:00.000-05:00,17.65,17.65,17.6301,17.6388,85092
1705083900,2024-01-12T13:25:00.000-05:00,17.635,17.64,17.63,17.631,22086
1705083960,2024-01-12T13:26:00.000-05:00,17.64,17.64,17.63,17.6355,22615
1705084020,2024-01-12T13:27:00.000-05:00,17.64,17.65,17.635,17.645,56299
1705084080,2024-01-12T13:28:00.000-05:00,17.64,17.65,17.63,17.635,28771
1705084140,2024-01-12T13:29:00.000-05:00,17.635,17.635,17.63,17.635,4293
1705084200,2024-01-12T13:30:00.000-05:00,17.6322,17.64,17.62,17.625,23309
1705084260,2024-01-12T13:31:00.000-05:00,17.625,17.63,17.62,17.621,22941
1705084320,2024-01-12T13:32:00.000-05:00,17.625,17.625,17.61,17.61,30367
1705084380,2024-01-12T13:33:00.000-05:00,17.615,17.6197,17.6102,17.615,14324
1705084440,2024-01-12T13:34:00.000-05:00,17.6154,17.62,17.6,17.615,51563
1705084500,2024-01-12T13:35:00.000-05:00,17.6136,17.615,17.605,17.605,24466
1705084560,2024-01-12T13:36:00.000-05:00,17.6065,17.62,17.6,17.615,23626
1705084620,2024-01-12T13:37:00.000-05:00,17.615,17.6173,17.61,17.615,14917
1705084680,2024-01-12T13:38:00.000-05:00,17.615,17.62,17.615,17.615,7895
1705084740,2024-01-12T13:39:00.000-05:00,17.615,17.62,17.615,17.615,4130
1705084800,2024-01-12T13:40:00.000-05:00,17.615,17.63,17.615,17.625,18319
1705084860,2024-01-12T13:41:00.000-05:00,17.625,17.63,17.605,17.6093,40570
1705084920,2024-01-12T13:42:00.000-05:00,17.605,17.62,17.605,17.615,24740
1705084980,2024-01-12T13:43:00.000-05:00,17.612,17.6162,17.612,17.615,1863
1705085040,2024-01-12T13:44:00.000-05:00,17.615,17.62,17.605,17.605,30076
1705085100,2024-01-12T13:45:00.000-05:00,17.605,17.615,17.6014,17.615,30245
1705085160,2024-01-12T13:46:00.000-05:00,17.615,17.62,17.61,17.6188,25914
1705085220,2024-01-12T13:47:00.000-05:00,17.615,17.64,17.615,17.64,33940
1705085280,2024-01-12T13:48:00.000-05:00,17.6303,17.64,17.63,17.635,12160
1705085340,2024-01-12T13:49:00.000-05:00,17.635,17.645,17.635,17.645,18371
1705085400,2024-01-12T13:50:00.000-05:00,17.6427,17.65,17.64,17.645,11925
1705085460,2024-01-12T13:51:00.000-05:00,17.65,17.65,17.645,17.65,6137
1705085520,2024-01-12T13:52:00.000-05:00,17.6448,17.65,17.64,17.65,28824
1705085580,2024-01-12T13:53:00.000-05:00,17.65,17.67,17.645,17.66,77452
1705085640,2024-01-12T13:54:00.000-05:00,17.655,17.66,17.6501,17.655,8699
1705085700,2024-01-12T13:55:00.000-05:00,17.655,17.67,17.655,17.655,28992
1705085760,2024-01-12T13:56:00.000-05:00,17.655,17.655,17.64,17.645,24063
1705085820,2024-01-12T13:57:00.000-05:00,17.645,17.65,17.64,17.65,7020
1705085880,2024-01-12T13:58:00.000-05:00,17.649,17.65,17.64,17.65,10269
1705085940,2024-01-12T13:59:00.000-05:00,17.64,17.65,17.64,17.645,2283
1705086000,2024-01-12T14:00:00.000-05:00,17.645,17.65,17.64,17.6481,23162
1705086060,2024-01-12T14:01:00.000-05:00,17.6445,17.65,17.64,17.645,22268
1705086120,2024-01-12T14:02:00.000-05:00,17.645,17.65,17.64,17.6499,10085
1705086180,2024-01-12T14:03:00.000-05:00,17.65,17.65,17.6448,17.6495,5883
1705086240,2024-01-12T14:04:00.000-05:00,17.64,17.6499,17.64,17.645,10803
1705086300,2024-01-12T14:05:00.000-05:00,17.645,17.65,17.645,17.65,4164
1705086360,2024-01-12T14:06:00.000-05:00,17.65,17.6599,17.65,17.65,28975
1705086420,2024-01-12T14:07:00.000-05:00,17.655,17.6681,17.65,17.665,43801
1705086480,2024-01-12T14:08:00.000-05:00,17.66,17.67,17.65,17.65,48191
1705086540,2024-01-12T14:09:00.000-05:00,17.65,17.6599,17.645,17.6504,47111
1705086600,2024-01-12T14:10:00.000-05:00,17.655,17.6575,17.64,17.6493,48686
1705086660,2024-01-12T14:11:00.000-05:00,17.645,17.66,17.64,17.655,20610
1705086720,2024-01-12T14:12:00.000-05:00,17.659,17.67,17.65,17.662,49030
1705086780,2024-01-12T14:13:00.000-05:00,17.665,17.67,17.655,17.66,48248
1705086840,2024-01-12T14:14:00.000-05:00,17.66,17.6642,17.65,17.655,35537
1705086900,2024-01-12T14:15:00.000-05:00,17.66,17.67,17.654,17.655,33526
1705086960,2024-01-12T14:16:00.000-05:00,17.655,17.66,17.6501,17.6539,22217
1705087020,2024-01-12T14:17:00.000-05:00,17.655,17.6599,17.6501,17.6599,12966
1705087080,2024-01-12T14:18:00.000-05:00,17.655,17.6551,17.64,17.6438,58638
1705087140,2024-01-12T14:19:00.000-05:00,17.6499,17.655,17.64,17.645,45469
1705087200,2024-01-12T14:20:00.000-05:00,17.645,17.6499,17.64,17.645,26664
1705087260,2024-01-12T14:21:00.000-05:00,17.645,17.65,17.63,17.63,81985
1705087320,2024-01-12T14:22:00.000-05:00,17.635,17.635,17.61,17.621,89598
1705087380,2024-01-12T14:23:00.000-05:00,17.6202,17.6299,17.62,17.6299,25052
1705087440,2024-01-12T14:24:00.000-05:00,17.625,17.63,17.62,17.625,13994
1705087500,2024-01-12T14:25:00.000-05:00,17.63,17.635,17.62,17.635,40966
1705087560,2024-01-12T14:26:00.000-05:00,17.635,17.64,17.63,17.6399,9259
1705087620,2024-01-12T14:27:00.000-05:00,17.635,17.6399,17.63,17.63,6132
1705087680,2024-01-12T14:28:00.000-05:00,17.635,17.635,17.63,17.635,8072
1705087740,2024-01-12T14:29:00.000-05:00,17.6399,17.64,17.62,17.625,39420
1705087800,2024-01-12T14:30:00.000-05:00,17.63,17.64,17.62,17.64,26325
1705087860,2024-01-12T14:31:00.000-05:00,17.635,17.64,17.63,17.63,16463
1705087920,2024-01-12T14:32:00.000-05:00,17.634,17.6397,17.63,17.635,23367
1705087980,2024-01-12T14:33:00.000-05:00,17.635,17.64,17.61,17.615,38396
1705088040,2024-01-12T14:34:00.000-05:00,17.615,17.6199,17.61,17.6105,54800
1705088100,2024-01-12T14:35:00.000-05:00,17.6111,17.6199,17.61,17.61,14683
1705088160,2024-01-12T14:36:00.000-05:00,17.615,17.6199,17.61,17.615,40566
1705088220,2024-01-12T14:37:00.000-05:00,17.615,17.619,17.61,17.615,11889
1705088280,2024-01-12T14:38:00.000-05:00,17.615,17.625,17.61,17.625,77648
1705088340,2024-01-12T14:39:00.000-05:00,17.625,17.6299,17.62,17.625,24899
1705088400,2024-01-12T14:40:00.000-05:00,17.6255,17.6255,17.62,17.625,4466
1705088460,2024-01-12T14:41:00.000-05:00,17.625,17.625,17.61,17.6103,24015
1705088520,2024-01-12T14:42:00.000-05:00,17.61,17.617,17.61,17.615,5699
1705088580,2024-01-12T14:43:00.000-05:00,17.611,17.62,17.605,17.6112,42261
1705088640,2024-01-12T14:44:00.000-05:00,17.615,17.615,17.61,17.615,4380
1705088700,2024-01-12T14:45:00.000-05:00,17.615,17.615,17.6,17.6,37679
1705088760,2024-01-12T14:46:00.000-05:00,17.605,17.61,17.6,17.605,16245
1705088820,2024-01-12T14:47:00.000-05:00,17.605,17.6099,17.6,17.6,32483
1705088880,2024-01-12T14:48:00.000-05:00,17.6,17.61,17.6,17.605,31060
1705088940,2024-01-12T14:49:00.000-05:00,17.605,17.6099,17.6,17.605,24525
1705089000,2024-01-12T14:50:00.000-05:00,17.6,17.6084,17.6,17.6,32802
1705089060,2024-01-12T14:51:00.000-05:00,17.6,17.605,17.59,17.595,46636
1705089120,2024-01-12T14:52:00.000-05:00,17.5999,17.62,17.59,17.6108,76842
1705089180,2024-01-12T14:53:00.000-05:00,17.615,17.615,17.61,17.615,24296
1705089240,2024-01-12T14:54:00.000-05:00,17.615,17.62,17.61,17.615,38415
1705089300,2024-01-12T14:55:00.000-05:00,17.615,17.615,17.6,17.6,15797
1705089360,2024-01-12T14:56:00.000-05:00,17.605,17.61,17.6,17.605,19004
1705089420,2024-01-12T14:57:00.000-05:00,17.605,17.61,17.6,17.605,20713
1705089480,2024-01-12T14:58:00.000-05:00,17.605,17.6099,17.605,17.605,2354
1705089540,2024-01-12T14:59:00.000-05:00,17.605,17.6199,17.6,17.615,58334
1705089600,2024-01-12T15:00:00.000-05:00,17.615,17.6168,17.61,17.615,5826
1705089660,2024-01-12T15:01:00.000-05:00,17.61,17.6199,17.61,17.615,8704
1705089720,2024-01-12T15:02:00.000-05:00,17.615,17.6199,17.61,17.615,3318
1705089780,2024-01-12T15:03:00.000-05:00,17.615,17.62,17.6,17.605,32468
1705089840,2024-01-12T15:04:00.000-05:00,17.605,17.605,17.59,17.59,27896
1705089900,2024-01-12T15:05:00.000-05:00,17.6,17.6099,17.5999,17.6099,39161
1705089960,2024-01-12T15:06:00.000-05:00,17.605,17.61,17.6,17.6052,28216
1705090020,2024-01-12T15:07:00.000-05:00,17.605,17.6199,17.605,17.615,24506
1705090080,2024-01-12T15:08:00.000-05:00,17.61,17.62,17.6,17.6,24480
1705090140,2024-01-12T15:09:00.000-05:00,17.6062,17.6063,17.59,17.59,40983
1705090200,2024-01-12T15:10:00.000-05:00,17.59,17.595,17.58,17.585,60848
1705090260,2024-01-12T15:11:00.000-05:00,17.585,17.59,17.58,17.585,124690
1705090320,2024-01-12T15:12:00.000-05:00,17.58,17.585,17.58,17.585,25894
1705090380,2024-01-12T15:13:00.000-05:00,17.5897,17.5899,17.58,17.58,15863
1705090440,2024-01-12T15:14:00.000-05:00,17.585,17.5899,17.58,17.58,7002
1705090500,2024-01-12T15:15:00.000-05:00,17.585,17.59,17.58,17.59,31005
1705090560,2024-01-12T15:16:00.000-05:00,17.589,17.6,17.585,17.595,66073
1705090620,2024-01-12T15:17:00.000-05:00,17.595,17.6,17.59,17.59,20328
1705090680,2024-01-12T15:18:00.000-05:00,17.595,17.6,17.59,17.6,3170
1705090740,2024-01-12T15:19:00.000-05:00,17.59,17.6,17.58,17.5848,35189
1705090800,2024-01-12T15:20:00.000-05:00,17.58,17.5899,17.58,17.585,17251
1705090860,2024-01-12T15:21:00.000-05:00,17.5858,17.5899,17.58,17.58,8555
1705090920,2024-01-12T15:22:00.000-05:00,17.589,17.589,17.58,17.585,9439
1705090980,2024-01-12T15:23:00.000-05:00,17.585,17.585,17.57,17.5741,46588
1705091040,2024-01-12T15:24:00.000-05:00,17.5711,17.5799,17.57,17.575,14520
1705091100,2024-01-12T15:25:00.000-05:00,17.57,17.59,17.57,17.585,77094
1705091160,2024-01-12T15:26:00.000-05:00,17.585,17.59,17.58,17.585,21921
1705091220,2024-01-12T15:27:00.000-05:00,17.5836,17.596,17.5836,17.59,35191
1705091280,2024-01-12T15:28:00.000-05:00,17.595,17.595,17.59,17.59,8352
1705091340,2024-01-12T15:29:00.000-05:00,17.595,17.6,17.59,17.595,16031
1705091400,2024-01-12T15:30:00.000-05:00,17.5986,17.61,17.59,17.605,84184
1705091460,2024-01-12T15:31:00.000-05:00,17.6099,17.62,17.6,17.6049,102611
1705091520,2024-01-12T15:32:00.000-05:00,17.605,17.61,17.6,17.605,45563
1705091580,2024-01-12T15:33:00.000-05:00,17.6,17.6099,17.6,17.6,49555
1705091640,2024-01-12T15:34:00.000-05:00,17.6,17.61,17.6,17.605,24970
1705091700,2024-01-12T15:35:00.000-05:00,17.605,17.62,17.6,17.6,92934
1705091760,2024-01-12T15:36:00.000-05:00,17.605,17.61,17.6,17.6001,25544
1705091820,2024-01-12T15:37:00.000-05:00,17.6,17.62,17.6,17.615,76289
1705091880,2024-01-12T15:38:00.000-05:00,17.615,17.62,17.61,17.615,33093
1705091940,2024-01-12T15:39:00.000-05:00,17.615,17.62,17.61,17.615,45976
1705092000,2024-01-12T15:40:00.000-05:00,17.61,17.62,17.61,17.62,24810
1705092060,2024-01-12T15:41:00.000-05:00,17.615,17.62,17.61,17.61,21737
1705092120,2024-01-12T15:42:00.000-05:00,17.611,17.62,17.61,17.62,80800
1705092180,2024-01-12T15:43:00.000-05:00,17.615,17.63,17.61,17.615,88366
1705092240,2024-01-12T15:44:00.000-05:00,17.615,17.62,17.61,17.615,37290
1705092300,2024-01-12T15:45:00.000-05:00,17.615,17.62,17.61,17.62,43532
1705092360,2024-01-12T15:46:00.000-05:00,17.615,17.62,17.61,17.62,87226
1705092420,2024-01-12T15:47:00.000-05:00,17.62,17.62,17.61,17.611,62723
1705092480,2024-01-12T15:48:00.000-05:00,17.615,17.62,17.6048,17.605,163143
1705092540,2024-01-12T15:49:00.000-05:00,17.605,17.61,17.6,17.605,76673
1705092600,2024-01-12T15:50:00.000-05:00,17.605,17.62,17.605,17.6188,99477
1705092660,2024-01-12T15:51:00.000-05:00,17.615,17.615,17.61,17.61,25531
1705092720,2024-01-12T15:52:00.000-05:00,17.615,17.62,17.61,17.615,34802
1705092780,2024-01-12T15:53:00.000-05:00,17.61,17.62,17.61,17.61,69119
1705092840,2024-01-12T15:54:00.000-05:00,17.61,17.62,17.61,17.62,112293
1705092900,2024-01-12T15:55:00.000-05:00,17.615,17.64,17.61,17.625,500500
1705092960,2024-01-12T15:56:00.000-05:00,17.625,17.63,17.62,17.625,146862
1705093020,2024-01-12T15:57:00.000-05:00,17.625,17.63,17.62,17.6234,89007
1705093080,2024-01-12T15:58:00.000-05:00,17.625,17.63,17.62,17.6249,155235
1705093140,2024-01-12T15:59:00.000-05:00,17.625,17.64,17.62,17.63,268598
1705093200,2024-01-12T16:00:00.000-05:00,17.63,17.64,17.63,17.64,577306
1705093380,2024-01-12T16:03:00.000-05:00,17.64,17.64,17.64,17.64,200
1705093440,2024-01-12T16:04:00.000-05:00,17.66,17.66,17.66,17.66,200
1705093500,2024-01-12T16:05:00.000-05:00,17.63,17.63,17.63,17.63,506
1705093920,2024-01-12T16:12:00.000-05:00,17.64,17.64,17.64,17.64,16607
1705094340,2024-01-12T16:19:00.000-05:00,17.65,17.65,17.65,17.65,120
1705094400,2024-01-12T16:20:00.000-05:00,17.65,17.65,17.65,17.65,141
1705094700,2024-01-12T16:25:00.000-05:00,17.64,17.64,17.64,17.64,264
1705095360,2024-01-12T16:36:00.000-05:00,17.6499,17.6499,17.6499,17.6499,271
1705095480,2024-01-12T16:38:00.000-05:00,17.64,17.64,17.635,17.635,1017
1705095600,2024-01-12T16:40:00.000-05:00,17.64,17.64,17.64,17.64,118
1705095660,2024-01-12T16:41:00.000-05:00,17.64,17.64,17.64,17.64,227
1705095960,2024-01-12T16:46:00.000-05:00,17.63,17.63,17.63,17.63,402
1705096440,2024-01-12T16:54:00.000-05:00,17.64,17.65,17.64,17.65,1627
1705097820,2024-01-12T17:17:00.000-05:00,17.65,17.65,17.65,17.65,204
1705098360,2024-01-12T17:26:00.000-05:00,17.64,17.64,17.64,17.64,255
1705099440,2024-01-12T17:44:00.000-05:00,17.65,17.65,17.65,17.65,151
1705099860,2024-01-12T17:51:00.000-05:00,17.6401,17.6401,17.6401,17.6401,500
1705100100,2024-01-12T17:55:00.000-05:00,17.64,17.64,17.64,17.64,2000
1705100160,2024-01-12T17:56:00.000-05:00,17.6594,17.6594,17.6594,17.6594,100
1705100460,2024-01-12T18:01:00.000-05:00,17.66,17.66,17.66,17.66,103
1705101420,2024-01-12T18:17:00.000-05:00,17.66,17.66,17.66,17.66,287
1705103220,2024-01-12T18:47:00.000-05:00,17.66,17.66,17.66,17.66,150
1705105500,2024-01-12T19:25:00.000-05:00,17.66,17.66,17.66,17.66,100
1705105620,2024-01-12T19:27:00.000-05:00,17.66,17.66,17.66,17.66,431
1705106400,2024-01-12T19:40:00.000-05:00,17.65,17.65,17.65,17.65,1000
1705106460,2024-01-12T19:41:00.000-05:00,17.65,17.65,17.65,17.65,103
1705107240,2024-01-12T19:54:00.000-05:00,17.66,17.66,17.66,17.66,200
1705107420,2024-01-12T19:57:00.000-05:00,17.6501,17.6501,17.6501,17.6501,315
1705385640,2024-01-16T01:14:00.000-05:00,17.66,17.66,17.66,17.66,286
1705395600,2024-01-16T04:00:00.000-05:00,17.65,17.65,17.51,17.6,2229
1705395660,2024-01-16T04:01:00.000-05:00,17.54,17.54,17.54,17.54,905
1705396020,2024-01-16T04:07:00.000-05:00,17.51,17.51,17.5,17.5,1371
1705396260,2024-01-16T04:11:00.000-05:00,17.52,17.52,17.52,17.52,1000
1705396320,2024-01-16T04:12:00.000-05:00,17.48,17.48,17.48,17.48,378
1705396380,2024-01-16T04:13:00.000-05:00,17.45,17.45,17.45,17.45,1700
1705396680,2024-01-16T04:18:00.000-05:00,17.44,17.44,17.44,17.44,203
1705397400,2024-01-16T04:30:00.000-05:00,17.44,17.44,17.43,17.43,2000
1705397520,2024-01-16T04:32:00.000-05:00,17.46,17.46,17.46,17.46,170
1705397580,2024-01-16T04:33:00.000-05:00,17.43,17.43,17.43,17.43,301
1705398360,2024-01-16T04:46:00.000-05:00,17.44,17.44,17.44,17.44,1000
1705398480,2024-01-16T04:48:00.000-05:00,17.42,17.42,17.42,17.42,2000
1705398720,2024-01-16T04:52:00.000-05:00,17.42,17.42,17.42,17.42,3029
1705398840,2024-01-16T04:54:00.000-05:00,17.42,17.42,17.42,17.42,371
1705399380,2024-01-16T05:03:00.000-05:00,17.42,17.42,17.42,17.42,200
1705399800,2024-01-16T05:10:00.000-05:00,17.43,17.43,17.43,17.43,200
1705399860,2024-01-16T05:11:00.000-05:00,17.43,17.43,17.43,17.43,100
1705399920,2024-01-16T05:12:00.000-05:00,17.41,17.41,17.41,17.41,100
1705400880,2024-01-16T05:28:00.000-05:00,17.43,17.43,17.43,17.43,873
1705401120,2024-01-16T05:32:00.000-05:00,17.43,17.43,17.43,17.43,300
1705402860,2024-01-16T06:01:00.000-05:00,17.43,17.43,17.43,17.43,1650
1705404420,2024-01-16T06:27:00.000-05:00,17.44,17.44,17.44,17.44,200
1705404720,2024-01-16T06:32:00.000-05:00,17.44,17.44,17.44,17.44,100
1705406280,2024-01-16T06:58:00.000-05:00,17.44,17.44,17.43,17.43,596
1705406400,2024-01-16T07:00:00.000-05:00,17.4394,17.4394,17.4394,17.4394,497
1705406460,2024-01-16T07:01:00.000-05:00,17.4,17.4,17.4,17.4,8727
1705406580,2024-01-16T07:03:00.000-05:00,17.4,17.4,17.4,17.4,914
1705406700,2024-01-16T07:05:00.000-05:00,17.38,17.38,17.2,17.2,34846
1705406760,2024-01-16T07:06:00.000-05:00,17.24,17.32,17.23,17.26,1831
1705406820,2024-01-16T07:07:00.000-05:00,17.26,17.26,17.26,17.26,500
1705406880,2024-01-16T07:08:00.000-05:00,17.26,17.26,17.22,17.25,996
1705406940,2024-01-16T07:09:00.000-05:00,17.25,17.25,17.25,17.25,200
1705407300,2024-01-16T07:15:00.000-05:00,17.24,17.24,17.23,17.23,351
1705407360,2024-01-16T07:16:00.000-05:00,17.23,17.25,17.22,17.25,1097
1705407480,2024-01-16T07:18:00.000-05:00,17.25,17.25,17.25,17.25,1016
1705407540,2024-01-16T07:19:00.000-05:00,17.25,17.25,17.25,17.25,214
1705407600,2024-01-16T07:20:00.000-05:00,17.3,17.3,17.3,17.3,1000
1705407840,2024-01-16T07:24:00.000-05:00,17.29,17.29,17.28,17.28,360
1705407900,2024-01-16T07:25:00.000-05:00,17.3,17.31,17.3,17.3,4500
1705407960,2024-01-16T07:26:00.000-05:00,17.27,17.27,17.27,17.27,2536
1705408020,2024-01-16T07:27:00.000-05:00,17.29,17.29,17.25,17.27,9423
1705408140,2024-01-16T07:29:00.000-05:00,17.26,17.27,17.26,17.27,1103
1705408200,2024-01-16T07:30:00.000-05:00,17.28,17.28,17.25,17.28,5809
1705408680,2024-01-16T07:38:00.000-05:00,17.32,17.32,17.32,17.32,2454
1705409100,2024-01-16T07:45:00.000-05:00,17.32,17.32,17.26,17.26,11305
1705409160,2024-01-16T07:46:00.000-05:00,17.29,17.29,17.28,17.28,556
1705409340,2024-01-16T07:49:00.000-05:00,17.31,17.32,17.31,17.32,400
1705409580,2024-01-16T07:53:00.000-05:00,17.3,17.3,17.3,17.3,560
1705409640,2024-01-16T07:54:00.000-05:00,17.32,17.32,17.32,17.32,620
1705409820,2024-01-16T07:57:00.000-05:00,17.33,17.33,17.33,17.33,750
1705410240,2024-01-16T08:04:00.000-05:00,17.33,17.33,17.33,17.33,2072
1705410300,2024-01-16T08:05:00.000-05:00,17.32,17.32,17.32,17.32,544
1705410420,2024-01-16T08:07:00.000-05:00,17.32,17.32,17.32,17.32,2176
1705410540,2024-01-16T08:09:00.000-05:00,17.35,17.35,17.35,17.35,101
1705410660,2024-01-16T08:11:00.000-05:00,17.31,17.31,17.31,17.31,222
1705410720,2024-01-16T08:12:00.000-05:00,17.31,17.31,17.29,17.29,2704
1705410780,2024-01-16T08:13:00.000-05:00,17.29,17.29,17.29,17.29,2846
1705410900,2024-01-16T08:15:00.000-05:00,17.28,17.29,17.28,17.28,2700
1705411320,2024-01-16T08:22:00.000-05:00,17.32,17.32,17.29,17.29,1034
1705411440,2024-01-16T08:24:00.000-05:00,17.27,17.3,17.27,17.27,15918
1705411500,2024-01-16T08:25:00.000-05:00,17.26,17.3,17.26,17.3,5490
1705411620,2024-01-16T08:27:00.000-05:00,17.27,17.27,17.27,17.27,2500
1705411680,2024-01-16T08:28:00.000-05:00,17.26,17.26,17.26,17.26,200
1705411740,2024-01-16T08:29:00.000-05:00,17.27,17.27,17.27,17.27,2358
1705411800,2024-01-16T08:30:00.000-05:00,17.27,17.28,17.27,17.28,580
1705411920,2024-01-16T08:32:00.000-05:00,17.3299,17.3299,17.3299,17.3299,500
1705412040,2024-01-16T08:34:00.000-05:00,17.34,17.34,17.34,17.34,354
1705412100,2024-01-16T08:35:00.000-05:00,17.34,17.34,17.34,17.34,250
1705412160,2024-01-16T08:36:00.000-05:00,17.34,17.36,17.34,17.36,2078
1705412220,2024-01-16T08:37:00.000-05:00,17.34,17.34,17.32,17.33,1694
1705412340,2024-01-16T08:39:00.000-05:00,17.32,17.33,17.32,17.33,1565
1705412400,2024-01-16T08:40:00.000-05:00,17.34,17.34,17.33,17.33,1525
1705412460,2024-01-16T08:41:00.000-05:00,17.33,17.33,17.33,17.33,100
1705412520,2024-01-16T08:42:00.000-05:00,17.36,17.38,17.36,17.38,4917
1705412580,2024-01-16T08:43:00.000-05:00,17.31,17.33,17.29,17.3,6179
1705412640,2024-01-16T08:44:00.000-05:00,17.37,17.38,17.34,17.35,3715
1705412700,2024-01-16T08:45:00.000-05:00,17.3,17.35,17.29,17.33,11170
1705412760,2024-01-16T08:46:00.000-05:00,17.35,17.35,17.35,17.35,450
1705412940,2024-01-16T08:49:00.000-05:00,17.35,17.35,17.35,17.35,120
1705413000,2024-01-16T08:50:00.000-05:00,17.32,17.32,17.3,17.3,4289
1705413060,2024-01-16T08:51:00.000-05:00,17.3,17.3,17.28,17.3,2628
1705413120,2024-01-16T08:52:00.000-05:00,17.31,17.31,17.31,17.31,100
1705413180,2024-01-16T08:53:00.000-05:00,17.29,17.29,17.29,17.29,487
1705413300,2024-01-16T08:55:00.000-05:00,17.28,17.28,17.28,17.28,108
1705413420,2024-01-16T08:57:00.000-05:00,17.2899,17.2899,17.2899,17.2899,155
1705413480,2024-01-16T08:58:00.000-05:00,17.26,17.27,17.26,17.27,822
1705413600,2024-01-16T09:00:00.000-05:00,17.29,17.3,17.29,17.3,1250
1705413720,2024-01-16T09:02:00.000-05:00,17.2891,17.2891,17.2891,17.2891,298
1705413780,2024-01-16T09:03:00.000-05:00,17.26,17.26,17.26,17.26,4780
1705413840,2024-01-16T09:04:00.000-05:00,17.26,17.29,17.26,17.29,236
1705413960,2024-01-16T09:06:00.000-05:00,17.29,17.29,17.29,17.29,300
1705414020,2024-01-16T09:07:00.000-05:00,17.28,17.29,17.28,17.29,7259
1705414080,2024-01-16T09:08:00.000-05:00,17.27,17.27,17.26,17.26,440
1705414140,2024-01-16T09:09:00.000-05:00,17.2898,17.2898,17.2898,17.2898,199
1705414200,2024-01-16T09:10:00.000-05:00,17.29,17.3,17.29,17.3,2700
1705414260,2024-01-16T09:11:00.000-05:00,17.31,17.42,17.31,17.42,7779
1705414320,2024-01-16T09:12:00.000-05:00,17.41,17.41,17.41,17.41,566
1705414440,2024-01-16T09:14:00.000-05:00,17.311,17.311,17.311,17.311,504
1705414560,2024-01-16T09:16:00.000-05:00,17.3,17.31,17.3,17.3,3865
1705414680,2024-01-16T09:18:00.000-05:00,17.29,17.3,17.29,17.3,2079
1705414800,2024-01-16T09:20:00.000-05:00,17.3,17.3,17.3,17.3,550
1705414860,2024-01-16T09:21:00.000-05:00,17.29,17.29,17.26,17.26,703
1705414920,2024-01-16T09:22:00.000-05:00,17.29,17.29,17.29,17.29,250
1705415040,2024-01-16T09:24:00.000-05:00,17.32,17.32,17.3,17.31,2258
1705415100,2024-01-16T09:25:00.000-05:00,17.3,17.3,17.29,17.29,1148
1705415160,2024-01-16T09:26:00.000-05:00,17.32,17.32,17.32,17.32,1104
1705415340,2024-01-16T09:29:00.000-05:00,17.29,17.3,17.27,17.27,12168
1705415400,2024-01-16T09:30:00.000-05:00,17.28,17.31,17.23,17.26,58842
1705415460,2024-01-16T09:31:00.000-05:00,17.25,17.3,17.235,17.235,41130
1705415520,2024-01-16T09:32:00.000-05:00,17.23,17.23,17.2,17.22,20393
1705415580,2024-01-16T09:33:00.000-05:00,17.2,17.25,17.15,17.16,447413
1705415640,2024-01-16T09:34:00.000-05:00,17.16,17.16,17.085,17.1,72050
1705415700,2024-01-16T09:35:00.000-05:00,17.0898,17.1,17.025,17.035,117608
1705415760,2024-01-16T09:36:00.000-05:00,17.02,17.065,17.005,17.065,168434
1705415820,2024-01-16T09:37:00.000-05:00,17.065,17.065,17.02,17.04,68414
1705415880,2024-01-16T09:38:00.000-05:00,17.04,17.04,16.96,16.971,125302
1705415940,2024-01-16T09:39:00.000-05:00,16.975,17.0,16.95,17.0,72096
1705416000,2024-01-16T09:40:00.000-05:00,17.0,17.03,16.985,17.015,97562
1705416060,2024-01-16T09:41:00.000-05:00,17.01,17.015,16.97,16.97,38314
1705416120,2024-01-16T09:42:00.000-05:00,16.97,17.0,16.96,16.99,64812
1705416180,2024-01-16T09:43:00.000-05:00,16.99,17.0101,16.98,16.99,94936
1705416240,2024-01-16T09:44:00.000-05:00,17.0,17.0,16.93,16.9389,49163
1705416300,2024-01-16T09:45:00.000-05:00,16.9396,16.947,16.915,16.94,100187
1705416360,2024-01-16T09:46:00.000-05:00,16.945,16.96,16.93,16.93,61038
1705416420,2024-01-16T09:47:00.000-05:00,16.9299,16.94,16.92,16.925,24336
1705416480,2024-01-16T09:48:00.000-05:00,16.925,16.9301,16.875,16.89,149562
1705416540,2024-01-16T09:49:00.000-05:00,16.88,16.9307,16.88,16.9307,55511
1705416600,2024-01-16T09:50:00.000-05:00,16.93,16.94,16.89,16.89,61361
1705416660,2024-01-16T09:51:00.000-05:00,16.895,16.9,16.845,16.87,92063
1705416720,2024-01-16T09:52:00.000-05:00,16.87,16.91,16.87,16.9,142613
1705416780,2024-01-16T09:53:00.000-05:00,16.9,16.91,16.87,16.8954,88332
1705416840,2024-01-16T09:54:00.000-05:00,16.895,16.9,16.843,16.855,84345
1705416900,2024-01-16T09:55:00.000-05:00,16.855,16.8997,16.85,16.895,58932
1705416960,2024-01-16T09:56:00.000-05:00,16.895,16.895,16.84,16.85,37099
1705417020,2024-01-16T09:57:00.000-05:00,16.85,16.8593,16.8401,16.855,43613
1705417080,2024-01-16T09:58:00.000-05:00,16.855,16.855,16.81,16.85,112641
1705417140,2024-01-16T09:59:00.000-05:00,16.85,16.85,16.81,16.814,87800
1705417200,2024-01-16T10:00:00.000-05:00,16.815,16.835,16.78,16.815,186605
1705417260,2024-01-16T10:01:00.000-05:00,16.82,16.845,16.815,16.83,71381
1705417320,2024-01-16T10:02:00.000-05:00,16.8248,16.83,16.805,16.825,33574
1705417380,2024-01-16T10:03:00.000-05:00,16.825,16.825,16.795,16.825,56836
1705417440,2024-01-16T10:04:00.000-05:00,16.8201,16.83,16.8,16.805,37655
1705417500,2024-01-16T10:05:00.000-05:00,16.805,16.805,16.75,16.75,165073
1705417560,2024-01-16T10:06:00.000-05:00,16.75,16.755,16.73,16.755,73585
1705417620,2024-01-16T10:07:00.000-05:00,16.755,16.755,16.6943,16.715,168218
1705417680,2024-01-16T10:08:00.000-05:00,16.715,16.73,16.71,16.7194,74844
1705417740,2024-01-16T10:09:00.000-05:00,16.7187,16.76,16.715,16.76,116519
1705417800,2024-01-16T10:10:00.000-05:00,16.755,16.78,16.745,16.76,63043
1705417860,2024-01-16T10:11:00.000-05:00,16.7595,16.78,16.75,16.76,52133
1705417920,2024-01-16T10:12:00.000-05:00,16.755,16.78,16.74,16.75,63009
1705417980,2024-01-16T10:13:00.000-05:00,16.745,16.76,16.73,16.74,31247
1705418040,2024-01-16T10:14:00.000-05:00,16.7402,16.7495,16.71,16.715,45908
1705418100,2024-01-16T10:15:00.000-05:00,16.715,16.72,16.7,16.7169,34617
1705418160,2024-01-16T10:16:00.000-05:00,16.72,16.735,16.72,16.73,36881
1705418220,2024-01-16T10:17:00.000-05:00,16.73,16.735,16.72,16.725,39675
1705418280,2024-01-16T10:18:00.000-05:00,16.725,16.7299,16.7,16.715,51227
1705418340,2024-01-16T10:19:00.000-05:00,16.715,16.73,16.7,16.7088,56259
1705418400,2024-01-16T10:20:00.000-05:00,16.705,16.72,16.7,16.7093,45842
1705418460,2024-01-16T10:21:00.000-05:00,16.7,16.71,16.69,16.695,89841
1705418520,2024-01-16T10:22:00.000-05:00,16.6997,16.705,16.67,16.67,75003
1705418580,2024-01-16T10:23:00.000-05:00,16.68,16.68,16.64,16.6499,104043
1705418640,2024-01-16T10:24:00.000-05:00,16.645,16.66,16.63,16.645,151524
1705418700,2024-01-16T10:25:00.000-05:00,16.645,16.65,16.615,16.625,133618
1705418760,2024-01-16T10:26:00.000-05:00,16.625,16.639,16.615,16.625,74945
1705418820,2024-01-16T10:27:00.000-05:00,16.625,16.63,16.61,16.625,64712
1705418880,2024-01-16T10:28:00.000-05:00,16.63,16.64,16.62,16.635,50620
1705418940,2024-01-16T10:29:00.000-05:00,16.635,16.66,16.63,16.63,138698
1705419000,2024-01-16T10:30:00.000-05:00,16.63,16.71,16.62,16.71,169242
1705419060,2024-01-16T10:31:00.000-05:00,16.705,16.71,16.68,16.71,100941
1705419120,2024-01-16T10:32:00.000-05:00,16.71,16.74,16.71,16.715,102580
1705419180,2024-01-16T10:33:00.000-05:00,16.7198,16.7198,16.67,16.68,102296
1705419240,2024-01-16T10:34:00.000-05:00,16.685,16.69,16.675,16.69,51015
1705419300,2024-01-16T10:35:00.000-05:00,16.691,16.705,16.66,16.67,57804
1705419360,2024-01-16T10:36:00.000-05:00,16.6699,16.67,16.643,16.655,57099
1705419420,2024-01-16T10:37:00.000-05:00,16.655,16.68,16.64,16.68,40126
1705419480,2024-01-16T10:38:00.000-05:00,16.6701,16.6871,16.67,16.675,51550
1705419540,2024-01-16T10:39:00.000-05:00,16.675,16.72,16.675,16.71,54909
1705419600,2024-01-16T10:40:00.000-05:00,16.7104,16.735,16.705,16.705,83570
1705419660,2024-01-16T10:41:00.000-05:00,16.71,16.7167,16.695,16.7,45647
1705419720,2024-01-16T10:42:00.000-05:00,16.6998,16.7,16.681,16.6875,60607
1705419780,2024-01-16T10:43:00.000-05:00,16.685,16.686,16.655,16.6679,61140
1705419840,2024-01-16T10:44:00.000-05:00,16.665,16.725,16.665,16.715,144290
1705419900,2024-01-16T10:45:00.000-05:00,16.715,16.74,16.715,16.715,37843
1705419960,2024-01-16T10:46:00.000-05:00,16.7185,16.72,16.69,16.71,114021
1705420020,2024-01-16T10:47:00.000-05:00,16.705,16.76,16.7,16.7513,166428
1705420080,2024-01-16T10:48:00.000-05:00,16.752,16.795,16.75,16.795,175713
1705420140,2024-01-16T10:49:00.000-05:00,16.79,16.8,16.75,16.775,130973
1705420200,2024-01-16T10:50:00.000-05:00,16.78,16.8,16.775,16.79,67251
1705420260,2024-01-16T10:51:00.000-05:00,16.785,16.79,16.76,16.763,101464
1705420320,2024-01-16T10:52:00.000-05:00,16.76,16.78,16.735,16.735,76141
1705420380,2024-01-16T10:53:00.000-05:00,16.735,16.74,16.71,16.7191,54715
1705420440,2024-01-16T10:54:00.000-05:00,16.72,16.72,16.71,16.715,29994
1705420500,2024-01-16T10:55:00.000-05:00,16.71,16.72,16.705,16.705,32227
1705420560,2024-01-16T10:56:00.000-05:00,16.705,16.735,16.705,16.725,98269
1705420620,2024-01-16T10:57:00.000-05:00,16.728,16.736,16.72,16.736,29847
1705420680,2024-01-16T10:58:00.000-05:00,16.735,16.74,16.73,16.73,36742
1705420740,2024-01-16T10:59:00.000-05:00,16.735,16.74,16.72,16.725,37541
1705420800,2024-01-16T11:00:00.000-05:00,16.729,16.729,16.67,16.68,121663
1705420860,2024-01-16T11:01:00.000-05:00,16.68,16.7,16.66,16.695,159318
1705420920,2024-01-16T11:02:00.000-05:00,16.7,16.705,16.66,16.67,88201
1705420980,2024-01-16T11:03:00.000-05:00,16.67,16.69,16.665,16.685,84500
1705421040,2024-01-16T11:04:00.000-05:00,16.68,16.7,16.66,16.7,71926
1705421100,2024-01-16T11:05:00.000-05:00,16.695,16.73,16.69,16.73,45768
1705421160,2024-01-16T11:06:00.000-05:00,16.7294,16.735,16.7,16.705,70587
1705421220,2024-01-16T11:07:00.000-05:00,16.701,16.705,16.64,16.645,54099
1705421280,2024-01-16T11:08:00.000-05:00,16.65,16.65,16.635,16.645,92973
1705421340,2024-01-16T11:09:00.000-05:00,16.64,16.655,16.635,16.6398,123346
1705421400,2024-01-16T11:10:00.000-05:00,16.64,16.6581,16.63,16.635,63028
1705421460,2024-01-16T11:11:00.000-05:00,16.64,16.645,16.625,16.635,94512
1705421520,2024-01-16T11:12:00.000-05:00,16.635,16.64,16.62,16.625,50071
1705421580,2024-01-16T11:13:00.000-05:00,16.625,16.65,16.62,16.645,122693
1705421640,2024-01-16T11:14:00.000-05:00,16.64,16.655,16.625,16.646,109120
1705421700,2024-01-16T11:15:00.000-05:00,16.64,16.645,16.605,16.625,233466
1705421760,2024-01-16T11:16:00.000-05:00,16.6201,16.6699,16.62,16.66,132355
1705421820,2024-01-16T11:17:00.000-05:00,16.6588,16.676,16.64,16.64,73167
1705421880,2024-01-16T11:18:00.000-05:00,16.645,16.6597,16.625,16.6257,49780
1705421940,2024-01-16T11:19:00.000-05:00,16.63,16.64,16.62,16.625,28130
1705422000,2024-01-16T11:20:00.000-05:00,16.625,16.63,16.61,16.6195,57817
1705422060,2024-01-16T11:21:00.000-05:00,16.6155,16.63,16.615,16.63,35850
1705422120,2024-01-16T11:22:00.000-05:00,16.625,16.67,16.6212,16.66,106086
1705422180,2024-01-16T11:23:00.000-05:00,16.655,16.655,16.62,16.62,71388
1705422240,2024-01-16T11:24:00.000-05:00,16.625,16.65,16.615,16.65,109760
1705422300,2024-01-16T11:25:00.000-05:00,16.645,16.66,16.625,16.625,59327
1705422360,2024-01-16T11:26:00.000-05:00,16.625,16.63,16.62,16.625,18740
1705422420,2024-01-16T11:27:00.000-05:00,16.6299,16.63,16.62,16.625,24827
1705422480,2024-01-16T11:28:00.000-05:00,16.62,16.62,16.6,16.6086,118961
1705422540,2024-01-16T11:29:00.000-05:00,16.6,16.61,16.58,16.5883,95974
1705422600,2024-01-16T11:30:00.000-05:00,16.5812,16.62,16.5812,16.615,46225
1705422660,2024-01-16T11:31:00.000-05:00,16.62,16.625,16.6,16.6,45964
1705422720,2024-01-16T11:32:00.000-05:00,16.6,16.61,16.59,16.595,43036
1705422780,2024-01-16T11:33:00.000-05:00,16.595,16.6,16.59,16.5998,18868
1705422840,2024-01-16T11:34:00.000-05:00,16.595,16.61,16.5901,16.61,63810
1705422900,2024-01-16T11:35:00.000-05:00,16.6085,16.61,16.58,16.585,40896
1705422960,2024-01-16T11:36:00.000-05:00,16.5875,16.61,16.58,16.585,84673
1705423020,2024-01-16T11:37:00.000-05:00,16.58,16.59,16.57,16.5784,100686
1705423080,2024-01-16T11:38:00.000-05:00,16.58,16.585,16.54,16.555,133786
1705423140,2024-01-16T11:39:00.000-05:00,16.55,16.56,16.54,16.5495,57322
1705423200,2024-01-16T11:40:00.000-05:00,16.545,16.55,16.53,16.545,42936
1705423260,2024-01-16T11:41:00.000-05:00,16.55,16.55,16.53,16.54,68736
1705423320,2024-01-16T11:42:00.000-05:00,16.54,16.55,16.535,16.54,44269
1705423380,2024-01-16T11:43:00.000-05:00,16.54,16.55,16.53,16.5401,52908
1705423440,2024-01-16T11:44:00.000-05:00,16.545,16.55,16.535,16.5443,33757
1705423500,2024-01-16T11:45:00.000-05:00,16.54,16.55,16.53,16.55,39284
1705423560,2024-01-16T11:46:00.000-05:00,16.55,16.55,16.535,16.54,42990
1705423620,2024-01-16T11:47:00.000-05:00,16.54,16.55,16.535,16.545,66161
1705423680,2024-01-16T11:48:00.000-05:00,16.545,16.55,16.53,16.548,55327
1705423740,2024-01-16T11:49:00.000-05:00,16.546,16.55,16.51,16.52,115962
1705423800,2024-01-16T11:50:00.000-05:00,16.53,16.54,16.53,16.5332,40958
1705423860,2024-01-16T11:51:00.000-05:00,16.535,16.5399,16.52,16.535,47380
1705423920,2024-01-16T11:52:00.000-05:00,16.54,16.5499,16.52,16.5246,50488
1705423980,2024-01-16T11:53:00.000-05:00,16.5233,16.54,16.52,16.53,109346
1705424040,2024-01-16T11:54:00.000-05:00,16.525,16.53,16.51,16.5199,24582
1705424100,2024-01-16T11:55:00.000-05:00,16.51,16.52,16.5,16.5,44862
1705424160,2024-01-16T11:56:00.000-05:00,16.5,16.51,16.49,16.491,124619
1705424220,2024-01-16T11:57:00.000-05:00,16.495,16.5,16.46,16.465,129093
1705424280,2024-01-16T11:58:00.000-05:00,16.465,16.48,16.46,16.4769,30169
1705424340,2024-01-16T11:59:00.000-05:00,16.4701,16.48,16.46,16.46,93754
1705424400,2024-01-16T12:00:00.000-05:00,16.46,16.465,16.44,16.45,101737
1705424460,2024-01-16T12:01:00.000-05:00,16.445,16.46,16.44,16.44,96566
1705424520,2024-01-16T12:02:00.000-05:00,16.4403,16.441,16.42,16.42,66982
1705424580,2024-01-16T12:03:00.000-05:00,16.42,16.425,16.4,16.405,322007
1705424640,2024-01-16T12:04:00.000-05:00,16.405,16.42,16.4,16.4,98612
1705424700,2024-01-16T12:05:00.000-05:00,16.4,16.41,16.3901,16.4,204226
1705424760,2024-01-16T12:06:00.000-05:00,16.4,16.42,16.38,16.405,188391
1705424820,2024-01-16T12:07:00.000-05:00,16.41,16.41,16.37,16.375,158514
1705424880,2024-01-16T12:08:00.000-05:00,16.3799,16.38,16.36,16.365,141923
1705424940,2024-01-16T12:09:00.000-05:00,16.364,16.38,16.354,16.365,122301
1705425000,2024-01-16T12:10:00.000-05:00,16.37,16.37,16.35,16.365,119609
1705425060,2024-01-16T12:11:00.000-05:00,16.37,16.385,16.35,16.3602,114898
1705425120,2024-01-16T12:12:00.000-05:00,16.36,16.36,16.34,16.345,100792
1705425180,2024-01-16T12:13:00.000-05:00,16.34,16.34,16.315,16.325,225580
1705425240,2024-01-16T12:14:00.000-05:00,16.32,16.3497,16.32,16.335,144488
1705425300,2024-01-16T12:15:00.000-05:00,16.33,16.34,16.32,16.335,77182
1705425360,2024-01-16T12:16:00.000-05:00,16.33,16.37,16.32,16.35,170710
1705425420,2024-01-16T12:17:00.000-05:00,16.355,16.385,16.355,16.385,81162
1705425480,2024-01-16T12:18:00.000-05:00,16.385,16.385,16.36,16.365,61080
1705425540,2024-01-16T12:19:00.000-05:00,16.37,16.38,16.36,16.365,52974
1705425600,2024-01-16T12:20:00.000-05:00,16.3685,16.38,16.36,16.3799,46948
1705425660,2024-01-16T12:21:00.000-05:00,16.3799,16.41,16.37,16.405,80977
1705425720,2024-01-16T12:22:00.000-05:00,16.405,16.4098,16.39,16.395,52055
1705425780,2024-01-16T12:23:00.000-05:00,16.3999,16.41,16.38,16.4037,109494
1705425840,2024-01-16T12:24:00.000-05:00,16.41,16.41,16.39,16.3901,66268
1705425900,2024-01-16T12:25:00.000-05:00,16.395,16.3989,16.37,16.37,23012
1705425960,2024-01-16T12:26:00.000-05:00,16.38,16.386,16.36,16.385,35384
1705426020,2024-01-16T12:27:00.000-05:00,16.38,16.385,16.375,16.375,28598
1705426080,2024-01-16T12:28:00.000-05:00,16.375,16.38,16.36,16.365,31043
1705426140,2024-01-16T12:29:00.000-05:00,16.36,16.3797,16.36,16.36,47975
1705426200,2024-01-16T12:30:00.000-05:00,16.36,16.3792,16.35,16.375,55657
1705426260,2024-01-16T12:31:00.000-05:00,16.38,16.385,16.37,16.375,28092
1705426320,2024-01-16T12:32:00.000-05:00,16.375,16.4093,16.374,16.405,57763
1705426380,2024-01-16T12:33:00.000-05:00,16.405,16.405,16.38,16.395,103867
1705426440,2024-01-16T12:34:00.000-05:00,16.4,16.41,16.395,16.405,76099
1705426500,2024-01-16T12:35:00.000-05:00,16.405,16.4199,16.395,16.415,55964
1705426560,2024-01-16T12:36:00.000-05:00,16.42,16.4384,16.42,16.4296,47145
1705426620,2024-01-16T12:37:00.000-05:00,16.425,16.44,16.424,16.435,102645
1705426680,2024-01-16T12:38:00.000-05:00,16.43,16.4485,16.43,16.43,62931
1705426740,2024-01-16T12:39:00.000-05:00,16.435,16.4394,16.42,16.425,80901
1705426800,2024-01-16T12:40:00.000-05:00,16.424,16.446,16.424,16.435,52100
1705426860,2024-01-16T12:41:00.000-05:00,16.435,16.45,16.43,16.4499,47024
1705426920,2024-01-16T12:42:00.000-05:00,16.4477,16.45,16.44,16.445,13684
1705426980,2024-01-16T12:43:00.000-05:00,16.445,16.46,16.44,16.4598,70025
1705427040,2024-01-16T12:44:00.000-05:00,16.46,16.4699,16.425,16.425,184391
1705427100,2024-01-16T12:45:00.000-05:00,16.424,16.43,16.41,16.4297,66501
1705427160,2024-01-16T12:46:00.000-05:00,16.42,16.4251,16.41,16.415,64881
1705427220,2024-01-16T12:47:00.000-05:00,16.415,16.4298,16.41,16.4189,58150
1705427280,2024-01-16T12:48:00.000-05:00,16.41,16.42,16.4002,16.4193,88713
1705427340,2024-01-16T12:49:00.000-05:00,16.415,16.42,16.385,16.395,129636
1705427400,2024-01-16T12:50:00.000-05:00,16.39,16.4293,16.39,16.4169,129476
1705427460,2024-01-16T12:51:00.000-05:00,16.415,16.429,16.41,16.425,119212
1705427520,2024-01-16T12:52:00.000-05:00,16.425,16.43,16.41,16.415,72522
1705427580,2024-01-16T12:53:00.000-05:00,16.41,16.43,16.41,16.43,90240
1705427640,2024-01-16T12:54:00.000-05:00,16.43,16.4387,16.41,16.4199,125035
1705427700,2024-01-16T12:55:00.000-05:00,16.41,16.41,16.385,16.388,69589
1705427760,2024-01-16T12:56:00.000-05:00,16.39,16.4,16.37,16.375,65588
1705427820,2024-01-16T12:57:00.000-05:00,16.375,16.375,16.3525,16.355,40770
1705427880,2024-01-16T12:58:00.000-05:00,16.3599,16.3675,16.34,16.35,123738
1705427940,2024-01-16T12:59:00.000-05:00,16.345,16.3464,16.32,16.3275,60286
1705428000,2024-01-16T13:00:00.000-05:00,16.325,16.33,16.31,16.315,252921
1705428060,2024-01-16T13:01:00.000-05:00,16.315,16.319,16.29,16.295,72641
1705428120,2024-01-16T13:02:00.000-05:00,16.29,16.2999,16.27,16.275,53888
1705428180,2024-01-16T13:03:00.000-05:00,16.275,16.2877,16.27,16.2775,118950
1705428240,2024-01-16T13:04:00.000-05:00,16.28,16.28,16.26,16.265,98437
1705428300,2024-01-16T13:05:00.000-05:00,16.265,16.266,16.23,16.23,89726
1705428360,2024-01-16T13:06:00.000-05:00,16.23,16.27,16.23,16.26,86884
1705428420,2024-01-16T13:07:00.000-05:00,16.26,16.2899,16.26,16.285,79486
1705428480,2024-01-16T13:08:00.000-05:00,16.28,16.285,16.27,16.2795,73710
1705428540,2024-01-16T13:09:00.000-05:00,16.2705,16.29,16.2705,16.285,43976
1705428600,2024-01-16T13:10:00.000-05:00,16.284,16.3,16.28,16.285,45282
1705428660,2024-01-16T13:11:00.000-05:00,16.285,16.2996,16.26,16.265,117583
1705428720,2024-01-16T13:12:00.000-05:00,16.265,16.269,16.24,16.245,86618
1705428780,2024-01-16T13:13:00.000-05:00,16.245,16.2499,16.23,16.2398,58295
1705428840,2024-01-16T13:14:00.000-05:00,16.235,16.255,16.23,16.245,104075
1705428900,2024-01-16T13:15:00.000-05:00,16.24,16.2499,16.2131,16.2405,240538
1705428960,2024-01-16T13:16:00.000-05:00,16.24,16.25,16.225,16.225,114737
1705429020,2024-01-16T13:17:00.000-05:00,16.225,16.23,16.21,16.225,189086
1705429080,2024-01-16T13:18:00.000-05:00,16.23,16.23,16.18,16.185,95571
1705429140,2024-01-16T13:19:00.000-05:00,16.185,16.2099,16.185,16.2091,205641
1705429200,2024-01-16T13:20:00.000-05:00,16.205,16.215,16.19,16.2001,137290
1705429260,2024-01-16T13:21:00.000-05:00,16.205,16.23,16.205,16.214,73212
1705429320,2024-01-16T13:22:00.000-05:00,16.215,16.2199,16.21,16.21,37873
1705429380,2024-01-16T13:23:00.000-05:00,16.21,16.21,16.19,16.205,123721
1705429440,2024-01-16T13:24:00.000-05:00,16.2,16.21,16.2,16.205,29558
1705429500,2024-01-16T13:25:00.000-05:00,16.2,16.21,16.2,16.205,35261
1705429560,2024-01-16T13:26:00.000-05:00,16.205,16.21,16.194,16.205,85327
1705429620,2024-01-16T13:27:00.000-05:00,16.205,16.25,16.2001,16.231,149754
1705429680,2024-01-16T13:28:00.000-05:00,16.235,16.265,16.23,16.26,66699
1705429740,2024-01-16T13:29:00.000-05:00,16.2601,16.265,16.23,16.235,75856
1705429800,2024-01-16T13:30:00.000-05:00,16.235,16.245,16.23,16.235,75565
1705429860,2024-01-16T13:31:00.000-05:00,16.235,16.25,16.235,16.245,49866
1705429920,2024-01-16T13:32:00.000-05:00,16.24,16.245,16.205,16.205,91943
1705429980,2024-01-16T13:33:00.000-05:00,16.205,16.215,16.2022,16.215,67902
1705430040,2024-01-16T13:34:00.000-05:00,16.215,16.22,16.2,16.205,40068
1705430100,2024-01-16T13:35:00.000-05:00,16.2054,16.215,16.2,16.2,57583
1705430160,2024-01-16T13:36:00.000-05:00,16.205,16.21,16.19,16.195,39872
1705430220,2024-01-16T13:37:00.000-05:00,16.19,16.1988,16.185,16.19,65224
1705430280,2024-01-16T13:38:00.000-05:00,16.19,16.195,16.1705,16.175,79259
1705430340,2024-01-16T13:39:00.000-05:00,16.1776,16.18,16.16,16.1601,39368
1705430400,2024-01-16T13:40:00.000-05:00,16.16,16.17,16.14,16.1495,56755
1705430460,2024-01-16T13:41:00.000-05:00,16.1499,16.15,16.13,16.135,79755
1705430520,2024-01-16T13:42:00.000-05:00,16.135,16.135,16.12,16.12,54278
1705430580,2024-01-16T13:43:00.000-05:00,16.12,16.125,16.11,16.11,87113
1705430640,2024-01-16T13:44:00.000-05:00,16.115,16.1192,16.0905,16.105,101534
1705430700,2024-01-16T13:45:00.000-05:00,16.105,16.1099,16.09,16.095,70191
1705430760,2024-01-16T13:46:00.000-05:00,16.09,16.09,16.08,16.09,44236
1705430820,2024-01-16T13:47:00.000-05:00,16.0846,16.09,16.065,16.065,89981
1705430880,2024-01-16T13:48:00.000-05:00,16.06,16.0698,16.0505,16.055,38853
1705430940,2024-01-16T13:49:00.000-05:00,16.055,16.06,16.05,16.055,62984
1705431000,2024-01-16T13:50:00.000-05:00,16.055,16.0585,16.04,16.04,80263
1705431060,2024-01-16T13:51:00.000-05:00,16.04,16.06,16.04,16.055,168552
1705431120,2024-01-16T13:52:00.000-05:00,16.06,16.06,16.02,16.025,95577
1705431180,2024-01-16T13:53:00.000-05:00,16.025,16.085,16.02,16.085,121437
1705431240,2024-01-16T13:54:00.000-05:00,16.085,16.12,16.08,16.115,80902
1705431300,2024-01-16T13:55:00.000-05:00,16.1199,16.15,16.1123,16.145,92539
1705431360,2024-01-16T13:56:00.000-05:00,16.14,16.16,16.14,16.145,82350
1705431420,2024-01-16T13:57:00.000-05:00,16.14,16.14,16.1112,16.12,32173
1705431480,2024-01-16T13:58:00.000-05:00,16.115,16.115,16.1,16.1,22152
1705431540,2024-01-16T13:59:00.000-05:00,16.11,16.145,16.11,16.1223,119800
1705431600,2024-01-16T14:00:00.000-05:00,16.126,16.145,16.11,16.14,48838
1705431660,2024-01-16T14:01:00.000-05:00,16.135,16.14,16.12,16.135,43858
1705431720,2024-01-16T14:02:00.000-05:00,16.135,16.135,16.12,16.1248,22334
1705431780,2024-01-16T14:03:00.000-05:00,16.1285,16.13,16.1001,16.1199,48042
1705431840,2024-01-16T14:04:00.000-05:00,16.11,16.12,16.11,16.12,31862
1705431900,2024-01-16T14:05:00.000-05:00,16.115,16.12,16.1,16.1,47983
1705431960,2024-01-16T14:06:00.000-05:00,16.105,16.11,16.09,16.1097,65458
1705432020,2024-01-16T14:07:00.000-05:00,16.11,16.12,16.1,16.1,93895
1705432080,2024-01-16T14:08:00.000-05:00,16.0983,16.105,16.09,16.1001,53241
1705432140,2024-01-16T14:09:00.000-05:00,16.105,16.11,16.09,16.095,30078
1705432200,2024-01-16T14:10:00.000-05:00,16.0961,16.12,16.095,16.105,103033
1705432260,2024-01-16T14:11:00.000-05:00,16.105,16.12,16.105,16.115,47396
1705432320,2024-01-16T14:12:00.000-05:00,16.111,16.1155,16.09,16.0999,122691
1705432380,2024-01-16T14:13:00.000-05:00,16.095,16.12,16.09,16.12,119105
1705432440,2024-01-16T14:14:00.000-05:00,16.125,16.13,16.12,16.1252,45940
1705432500,2024-01-16T14:15:00.000-05:00,16.1298,16.14,16.125,16.135,24026
1705432560,2024-01-16T14:16:00.000-05:00,16.135,16.156,16.135,16.155,86541
1705432620,2024-01-16T14:17:00.000-05:00,16.15,16.17,16.15,16.155,60055
1705432680,2024-01-16T14:18:00.000-05:00,16.155,16.16,16.145,16.145,20146
1705432740,2024-01-16T14:19:00.000-05:00,16.14,16.15,16.1334,16.145,63592
1705432800,2024-01-16T14:20:00.000-05:00,16.1499,16.1599,16.14,16.155,35861
1705432860,2024-01-16T14:21:00.000-05:00,16.15,16.1599,16.136,16.145,55769
1705432920,2024-01-16T14:22:00.000-05:00,16.145,16.16,16.145,16.155,19715
1705432980,2024-01-16T14:23:00.000-05:00,16.155,16.1574,16.145,16.145,23327
1705433040,2024-01-16T14:24:00.000-05:00,16.1499,16.1577,16.14,16.153,54250
1705433100,2024-01-16T14:25:00.000-05:00,16.15,16.1598,16.14,16.14,39035
1705433160,2024-01-16T14:26:00.000-05:00,16.145,16.15,16.145,16.145,9154
1705433220,2024-01-16T14:27:00.000-05:00,16.145,16.145,16.13,16.135,30719
1705433280,2024-01-16T14:28:00.000-05:00,16.135,16.15,16.135,16.1499,24915
1705433340,2024-01-16T14:29:00.000-05:00,16.1493,16.16,16.145,16.155,30726
1705433400,2024-01-16T14:30:00.000-05:00,16.155,16.16,16.13,16.135,38496
1705433460,2024-01-16T14:31:00.000-05:00,16.134,16.15,16.134,16.1475,23696
1705433520,2024-01-16T14:32:00.000-05:00,16.145,16.145,16.13,16.14,41743
1705433580,2024-01-16T14:33:00.000-05:00,16.135,16.16,16.135,16.155,38400
1705433640,2024-01-16T14:34:00.000-05:00,16.155,16.1599,16.15,16.155,37302
1705433700,2024-01-16T14:35:00.000-05:00,16.155,16.155,16.14,16.143,59873
1705433760,2024-01-16T14:36:00.000-05:00,16.14,16.155,16.13,16.15,63942
1705433820,2024-01-16T14:37:00.000-05:00,16.1555,16.16,16.15,16.15,24834
1705433880,2024-01-16T14:38:00.000-05:00,16.153,16.1554,16.15,16.155,15042
1705433940,2024-01-16T14:39:00.000-05:00,16.154,16.155,16.135,16.145,39110
1705434000,2024-01-16T14:40:00.000-05:00,16.145,16.15,16.13,16.14,69310
1705434060,2024-01-16T14:41:00.000-05:00,16.134,16.15,16.13,16.135,56561
1705434120,2024-01-16T14:42:00.000-05:00,16.139,16.15,16.13,16.1305,117005
1705434180,2024-01-16T14:43:00.000-05:00,16.135,16.1399,16.13,16.13,6839
1705434240,2024-01-16T14:44:00.000-05:00,16.13,16.14,16.13,16.13,13146
1705434300,2024-01-16T14:45:00.000-05:00,16.1395,16.14,16.13,16.13,17555
1705434360,2024-01-16T14:46:00.000-05:00,16.13,16.15,16.13,16.144,43726
1705434420,2024-01-16T14:47:00.000-05:00,16.14,16.15,16.14,16.15,13213
1705434480,2024-01-16T14:48:00.000-05:00,16.15,16.16,16.14,16.16,35166
1705434540,2024-01-16T14:49:00.000-05:00,16.15,16.155,16.12,16.121,91678
1705434600,2024-01-16T14:50:00.000-05:00,16.121,16.1297,16.12,16.1285,21378
1705434660,2024-01-16T14:51:00.000-05:00,16.1237,16.1299,16.12,16.12,6926
1705434720,2024-01-16T14:52:00.000-05:00,16.1299,16.1299,16.12,16.12,7759
1705434780,2024-01-16T14:53:00.000-05:00,16.125,16.14,16.12,16.135,41893
1705434840,2024-01-16T14:54:00.000-05:00,16.135,16.145,16.1301,16.135,55934
1705434900,2024-01-16T14:55:00.000-05:00,16.135,16.14,16.125,16.135,31014
1705434960,2024-01-16T14:56:00.000-05:00,16.135,16.136,16.1203,16.125,29552
1705435020,2024-01-16T14:57:00.000-05:00,16.13,16.13,16.12,16.1288,13251
1705435080,2024-01-16T14:58:00.000-05:00,16.125,16.14,16.125,16.135,62889
1705435140,2024-01-16T14:59:00.000-05:00,16.14,16.14,16.11,16.115,98945
1705435200,2024-01-16T15:00:00.000-05:00,16.1105,16.12,16.11,16.115,35400
1705435260,2024-01-16T15:01:00.000-05:00,16.115,16.115,16.09,16.095,43962
1705435320,2024-01-16T15:02:00.000-05:00,16.095,16.1,16.09,16.095,55706
1705435380,2024-01-16T15:03:00.000-05:00,16.0902,16.095,16.08,16.08,53825
1705435440,2024-01-16T15:04:00.000-05:00,16.0897,16.09,16.08,16.08,31075
1705435500,2024-01-16T15:05:00.000-05:00,16.086,16.0997,16.07,16.095,216519
1705435560,2024-01-16T15:06:00.000-05:00,16.095,16.1,16.0906,16.095,18756
1705435620,2024-01-16T15:07:00.000-05:00,16.09,16.095,16.075,16.0799,56643
1705435680,2024-01-16T15:08:00.000-05:00,16.074,16.08,16.07,16.08,8573
1705435740,2024-01-16T15:09:00.000-05:00,16.07,16.0765,16.07,16.075,20269
1705435800,2024-01-16T15:10:00.000-05:00,16.075,16.0882,16.07,16.0882,50791
1705435860,2024-01-16T15:11:00.000-05:00,16.08,16.09,16.07,16.075,85395
1705435920,2024-01-16T15:12:00.000-05:00,16.0775,16.0797,16.07,16.0793,65061
1705435980,2024-01-16T15:13:00.000-05:00,16.07,16.08,16.07,16.075,47912
1705436040,2024-01-16T15:14:00.000-05:00,16.07,16.08,16.06,16.07,89728
1705436100,2024-01-16T15:15:00.000-05:00,16.078,16.08,16.07,16.08,33815
1705436160,2024-01-16T15:16:00.000-05:00,16.0799,16.0799,16.05,16.0599,73859
1705436220,2024-01-16T15:17:00.000-05:00,16.055,16.06,16.05,16.05,36775
1705436280,2024-01-16T15:18:00.000-05:00,16.05,16.06,16.04,16.04,75266
1705436340,2024-01-16T15:19:00.000-05:00,16.045,16.0599,16.045,16.055,79013
1705436400,2024-01-16T15:20:00.000-05:00,16.055,16.06,16.045,16.05,37616
1705436460,2024-01-16T15:21:00.000-05:00,16.045,16.05,16.03,16.03,54008
1705436520,2024-01-16T15:22:00.000-05:00,16.0301,16.0399,16.025,16.025,53740
1705436580,2024-01-16T15:23:00.000-05:00,16.024,16.04,16.02,16.04,57717
1705436640,2024-01-16T15:24:00.000-05:00,16.0381,16.0575,16.03,16.055,104534
1705436700,2024-01-16T15:25:00.000-05:00,16.0548,16.06,16.05,16.06,12738
1705436760,2024-01-16T15:26:00.000-05:00,16.059,16.07,16.05,16.065,83821
1705436820,2024-01-16T15:27:00.000-05:00,16.07,16.07,16.06,16.0699,37163
1705436880,2024-01-16T15:28:00.000-05:00,16.065,16.07,16.0514,16.055,89645
1705436940,2024-01-16T15:29:00.000-05:00,16.055,16.0579,16.04,16.045,71238
1705437000,2024-01-16T15:30:00.000-05:00,16.04,16.055,16.04,16.05,201040
1705437060,2024-01-16T15:31:00.000-05:00,16.04,16.05,16.03,16.03,68913
1705437120,2024-01-16T15:32:00.000-05:00,16.035,16.0399,16.02,16.025,58777
1705437180,2024-01-16T15:33:00.000-05:00,16.025,16.03,16.01,16.015,74430
1705437240,2024-01-16T15:34:00.000-05:00,16.01,16.02,16.0,16.005,121300
1705437300,2024-01-16T15:35:00.000-05:00,16.005,16.01,16.0,16.005,99966
1705437360,2024-01-16T15:36:00.000-05:00,16.005,16.01,15.97,15.97,212370
1705437420,2024-01-16T15:37:00.000-05:00,15.97,15.99,15.97,15.985,224340
1705437480,2024-01-16T15:38:00.000-05:00,15.985,16.0,15.98,15.985,99102
1705437540,2024-01-16T15:39:00.000-05:00,15.985,16.0,15.98,15.995,76519
1705437600,2024-01-16T15:40:00.000-05:00,15.995,16.005,15.99,16.005,120585
1705437660,2024-01-16T15:41:00.000-05:00,16.005,16.005,15.98,15.9897,125927
1705437720,2024-01-16T15:42:00.000-05:00,15.985,16.01,15.9801,16.005,124013
1705437780,2024-01-16T15:43:00.000-05:00,16.005,16.01,15.99,15.995,87278
1705437840,2024-01-16T15:44:00.000-05:00,15.995,16.01,15.99,16.0082,97516
1705437900,2024-01-16T15:45:00.000-05:00,16.005,16.02,16.0,16.01,232694
1705437960,2024-01-16T15:46:00.000-05:00,16.005,16.02,16.0,16.015,355636
1705438020,2024-01-16T15:47:00.000-05:00,16.015,16.0167,15.99,15.995,185561
1705438080,2024-01-16T15:48:00.000-05:00,16.0,16.0,15.99,15.995,123600
1705438140,2024-01-16T15:49:00.000-05:00,15.995,16.0,15.96,15.965,254480
1705438200,2024-01-16T15:50:00.000-05:00,15.97,15.98,15.96,15.98,215108
1705438260,2024-01-16T15:51:00.000-05:00,15.975,15.99,15.97,15.985,332491
1705438320,2024-01-16T15:52:00.000-05:00,15.985,16.01,15.98,16.01,197806
1705438380,2024-01-16T15:53:00.000-05:00,16.01,16.01,16.0,16.0001,225059
1705438440,2024-01-16T15:54:00.000-05:00,16.005,16.0199,15.995,15.995,277861
1705438500,2024-01-16T15:55:00.000-05:00,15.995,15.9999,15.98,15.985,178175
1705438560,2024-01-16T15:56:00.000-05:00,15.985,15.9899,15.97,15.975,341292
1705438620,2024-01-16T15:57:00.000-05:00,15.975,16.0,15.97,16.0,405672
1705438680,2024-01-16T15:58:00.000-05:00,15.995,16.0,15.98,15.98,373979
1705438740,2024-01-16T15:59:00.000-05:00,15.98,15.99,15.95,15.96,879329
1705438800,2024-01-16T16:00:00.000-05:00,15.96,15.97,15.96,15.96,1634702
1705438860,2024-01-16T16:01:00.000-05:00,15.96,15.96,15.96,15.96,1399
1705438980,2024-01-16T16:03:00.000-05:00,15.98,15.98,15.98,15.98,489
1705439100,2024-01-16T16:05:00.000-05:00,15.98,15.98,15.98,15.98,1046
1705439160,2024-01-16T16:06:00.000-05:00,15.98,15.99,15.98,15.98,3502
1705439220,2024-01-16T16:07:00.000-05:00,15.97,15.98,15.97,15.98,5341
1705439280,2024-01-16T16:08:00.000-05:00,15.97,15.97,15.96,15.96,3232
1705439340,2024-01-16T16:09:00.000-05:00,15.9601,15.9601,15.9601,15.9601,1021
1705439400,2024-01-16T16:10:00.000-05:00,15.97,15.97,15.96,15.96,3684
1705439460,2024-01-16T16:11:00.000-05:00,15.9603,15.97,15.96,15.97,2133
1705439520,2024-01-16T16:12:00.000-05:00,15.96,15.97,15.96,15.9699,1093
1705439580,2024-01-16T16:13:00.000-05:00,15.96,15.96,15.96,15.96,106
1705439700,2024-01-16T16:15:00.000-05:00,15.97,15.97,15.9603,15.9603,753
1705439820,2024-01-16T16:17:00.000-05:00,15.97,15.97,15.97,15.97,312
1705439880,2024-01-16T16:18:00.000-05:00,15.9602,15.9699,15.9602,15.9699,217
1705439940,2024-01-16T16:19:00.000-05:00,15.97,15.97,15.97,15.97,166
1705440000,2024-01-16T16:20:00.000-05:00,15.97,15.97,15.96,15.96,1990
1705440120,2024-01-16T16:22:00.000-05:00,15.9798,15.9798,15.9798,15.9798,104
1705440240,2024-01-16T16:24:00.000-05:00,15.98,15.98,15.98,15.98,167
1705440300,2024-01-16T16:25:00.000-05:00,15.98,15.98,15.9799,15.9799,846
1705440360,2024-01-16T16:26:00.000-05:00,15.9703,15.98,15.9703,15.98,1750
1705440420,2024-01-16T16:27:00.000-05:00,15.99,16.02,15.97,16.02,3951
1705440480,2024-01-16T16:28:00.000-05:00,16.01,16.01,16.01,16.01,699
1705440600,2024-01-16T16:30:00.000-05:00,16.0,16.0,16.0,16.0,213
1705440660,2024-01-16T16:31:00.000-05:00,16.0,16.0,16.0,16.0,2056
1705440780,2024-01-16T16:33:00.000-05:00,16.0,16.0,16.0,16.0,103
1705440900,2024-01-16T16:35:00.000-05:00,15.99,15.99,15.99,15.99,1012
1705440960,2024-01-16T16:36:00.000-05:00,15.99,15.9997,15.99,15.9997,3035
1705441020,2024-01-16T16:37:00.000-05:00,15.99,15.99,15.98,15.98,1071
1705441140,2024-01-16T16:39:00.000-05:00,15.98,15.98,15.98,15.98,122
1705441260,2024-01-16T16:41:00.000-05:00,15.98,15.98,15.98,15.98,110
1705441320,2024-01-16T16:42:00.000-05:00,15.96,15.98,15.96,15.98,13284
1705441380,2024-01-16T16:43:00.000-05:00,15.98,15.98,15.98,15.98,1570
1705441440,2024-01-16T16:44:00.000-05:00,15.98,15.98,15.98,15.98,102
1705441560,2024-01-16T16:46:00.000-05:00,15.98,15.98,15.98,15.98,250
1705441620,2024-01-16T16:47:00.000-05:00,15.98,15.98,15.98,15.98,139
1705441680,2024-01-16T16:48:00.000-05:00,15.98,15.98,15.98,15.98,520
1705441740,2024-01-16T16:49:00.000-05:00,15.98,15.98,15.98,15.98,2172
1705441800,2024-01-16T16:50:00.000-05:00,15.97,15.97,15.97,15.97,174
1705441860,2024-01-16T16:51:00.000-05:00,15.97,15.97,15.97,15.97,93319
1705441920,2024-01-16T16:52:00.000-05:00,15.96,15.96,15.96,15.96,3944
1705442040,2024-01-16T16:54:00.000-05:00,15.97,15.97,15.97,15.97,121
1705442100,2024-01-16T16:55:00.000-05:00,15.95,15.98,15.95,15.98,394
1705442160,2024-01-16T16:56:00.000-05:00,15.98,15.98,15.98,15.98,316990
1705442340,2024-01-16T16:59:00.000-05:00,15.97,15.98,15.97,15.98,5002
1705442700,2024-01-16T17:05:00.000-05:00,15.98,15.98,15.97,15.97,3234
1705442820,2024-01-16T17:07:00.000-05:00,15.98,15.98,15.98,15.98,4014
1705442940,2024-01-16T17:09:00.000-05:00,15.99,15.99,15.99,15.99,2075
1705443060,2024-01-16T17:11:00.000-05:00,15.98,15.98,15.98,15.98,300
1705443480,2024-01-16T17:18:00.000-05:00,16.0,16.0,16.0,16.0,225
1705443660,2024-01-16T17:21:00.000-05:00,16.0,16.0,16.0,16.0,207
1705443840,2024-01-16T17:24:00.000-05:00,15.99,15.99,15.99,15.99,750
1705444140,2024-01-16T17:29:00.000-05:00,16.0,16.0,16.0,16.0,120
1705444440,2024-01-16T17:34:00.000-05:00,16.0,16.0,16.0,16.0,164
1705444500,2024-01-16T17:35:00.000-05:00,15.99,15.99,15.99,15.99,107
1705444560,2024-01-16T17:36:00.000-05:00,16.0,16.0,16.0,16.0,209
1705444680,2024-01-16T17:38:00.000-05:00,15.995,15.995,15.995,15.995,511
1705444920,2024-01-16T17:42:00.000-05:00,16.0,16.0,16.0,16.0,501
1705445100,2024-01-16T17:45:00.000-05:00,15.98,15.98,15.98,15.98,3031
1705445220,2024-01-16T17:47:00.000-05:00,16.0,16.0,16.0,16.0,106
1705445460,2024-01-16T17:51:00.000-05:00,16.0,16.01,16.0,16.01,1305
1705445580,2024-01-16T17:53:00.000-05:00,16.0092,16.0092,16.0092,16.0092,1007
1705445640,2024-01-16T17:54:00.000-05:00,16.0,16.0,16.0,16.0,341
1705445700,2024-01-16T17:55:00.000-05:00,16.0,16.0,16.0,16.0,103
1705445760,2024-01-16T17:56:00.000-05:00,16.0,16.0,16.0,16.0,7238
1705446300,2024-01-16T18:05:00.000-05:00,16.0,16.0,16.0,16.0,500
1705446360,2024-01-16T18:06:00.000-05:00,16.0,16.0,16.0,16.0,272
1705446420,2024-01-16T18:07:00.000-05:00,15.9985,15.9985,15.9985,15.9985,161
1705446480,2024-01-16T18:08:00.000-05:00,15.9992,15.9992,15.9992,15.9992,105
1705446720,2024-01-16T18:12:00.000-05:00,16.0,16.0,16.0,16.0,102
1705446840,2024-01-16T18:14:00.000-05:00,15.98,15.98,15.98,15.98,208
1705446900,2024-01-16T18:15:00.000-05:00,16.0,16.0,16.0,16.0,167
1705447020,2024-01-16T18:17:00.000-05:00,15.99,15.99,15.99,15.99,200
1705447260,2024-01-16T18:21:00.000-05:00,16.0,16.0,16.0,16.0,1093
1705447380,2024-01-16T18:23:00.000-05:00,16.0,16.0,16.0,16.0,130
1705447860,2024-01-16T18:31:00.000-05:00,15.9997,15.9997,15.9997,15.9997,260
1705447920,2024-01-16T18:32:00.000-05:00,16.0,16.0,16.0,16.0,184
1705447980,2024-01-16T18:33:00.000-05:00,16.0,16.0,16.0,16.0,200
1705448040,2024-01-16T18:34:00.000-05:00,15.99,15.99,15.99,15.99,243
1705448160,2024-01-16T18:36:00.000-05:00,15.98,15.99,15.98,15.99,999
1705448340,2024-01-16T18:39:00.000-05:00,15.99,15.99,15.99,15.99,334
1705448460,2024-01-16T18:41:00.000-05:00,15.98,15.98,15.98,15.98,829
1705448820,2024-01-16T18:47:00.000-05:00,15.9959,15.9959,15.9959,15.9959,200
1705448880,2024-01-16T18:48:00.000-05:00,15.99,15.99,15.99,15.99,128
1705449180,2024-01-16T18:53:00.000-05:00,15.99,15.99,15.99,15.99,408
1705449360,2024-01-16T18:56:00.000-05:00,16.0,16.0,16.0,16.0,210
1705449540,2024-01-16T18:59:00.000-05:00,16.0,16.0,16.0,16.0,126
1705450020,2024-01-16T19:07:00.000-05:00,16.01,16.01,16.01,16.01,343
1705450140,2024-01-16T19:09:00.000-05:00,16.01,16.01,16.01,16.01,1014
1705450260,2024-01-16T19:11:00.000-05:00,16.0,16.0,16.0,16.0,6000
1705450320,2024-01-16T19:12:00.000-05:00,16.01,16.01,16.01,16.01,465
1705450380,2024-01-16T19:13:00.000-05:00,16.01,16.01,16.01,16.01,100
1705450440,2024-01-16T19:14:00.000-05:00,16.01,16.01,16.01,16.01,126
1705450560,2024-01-16T19:16:00.000-05:00,16.01,16.01,16.01,16.01,538
1705450980,2024-01-16T19:23:00.000-05:00,16.0,16.0,16.0,16.0,1109
1705451040,2024-01-16T19:24:00.000-05:00,16.0,16.0,16.0,16.0,200
1705451280,2024-01-16T19:28:00.000-05:00,16.0,16.0,16.0,16.0,240
1705451580,2024-01-16T19:33:00.000-05:00,16.0,16.0,16.0,16.0,375
1705451640,2024-01-16T19:34:00.000-05:00,16.01,16.01,16.0,16.0,601
1705451700,2024-01-16T19:35:00.000-05:00,16.01,16.01,16.01,16.01,165
1705451760,2024-01-16T19:36:00.000-05:00,15.99,15.99,15.98,15.98,569
1705451820,2024-01-16T19:37:00.000-05:00,15.97,15.97,15.97,15.97,1112
1705451940,2024-01-16T19:39:00.000-05:00,15.97,15.97,15.97,15.97,240
1705452120,2024-01-16T19:42:00.000-05:00,15.99,16.01,15.99,16.01,3500
1705452240,2024-01-16T19:44:00.000-05:00,16.0002,16.0002,16.0002,16.0002,350
1705452300,2024-01-16T19:45:00.000-05:00,16.0099,16.01,16.0099,16.01,603
1705452360,2024-01-16T19:46:00.000-05:00,16.0,16.0,15.99,16.0,1154
1705452480,2024-01-16T19:48:00.000-05:00,16.0,16.0,16.0,16.0,1024
1705452540,2024-01-16T19:49:00.000-05:00,16.01,16.01,16.01,16.01,832
1705452600,2024-01-16T19:50:00.000-05:00,16.005,16.005,16.0,16.0,352
1705452660,2024-01-16T19:51:00.000-05:00,16.0,16.0,16.0,16.0,377
1705452720,2024-01-16T19:52:00.000-05:00,15.97,15.97,15.97,15.97,192
1705452780,2024-01-16T19:53:00.000-05:00,15.96,15.96,15.96,15.96,515
1705452960,2024-01-16T19:56:00.000-05:00,15.96,15.96,15.95,15.95,3282
1705453020,2024-01-16T19:57:00.000-05:00,15.96,15.96,15.94,15.94,1483
1705453080,2024-01-16T19:58:00.000-05:00,15.94,15.98,15.94,15.98,2215
1705453140,2024-01-16T19:59:00.000-05:00,15.94,15.94,15.94,15.94,737
1705482000,2024-01-17T04:00:00.000-05:00,15.99,15.99,15.97,15.97,3536
1705482060,2024-01-17T04:01:00.000-05:00,15.97,15.97,15.93,15.93,1060
1705482120,2024-01-17T04:02:00.000-05:00,15.93,15.93,15.92,15.92,1665
1705482360,2024-01-17T04:06:00.000-05:00,15.91,15.91,15.9,15.9,1032
1705482480,2024-01-17T04:08:00.000-05:00,15.93,15.95,15.93,15.95,2000
1705482540,2024-01-17T04:09:00.000-05:00,15.95,15.95,15.95,15.95,1000
1705482600,2024-01-17T04:10:00.000-05:00,15.94,15.94,15.94,15.94,235
1705482720,2024-01-17T04:12:00.000-05:00,15.94,15.95,15.94,15.95,2000
1705482900,2024-01-17T04:15:00.000-05:00,15.93,15.93,15.89,15.9,4229
1705482960,2024-01-17T04:16:00.000-05:00,15.9,15.9,15.87,15.87,1568
1705483020,2024-01-17T04:17:00.000-05:00,15.88,15.88,15.87,15.87,2278
1705483080,2024-01-17T04:18:00.000-05:00,15.87,15.87,15.86,15.86,2363
1705483560,2024-01-17T04:26:00.000-05:00,15.86,15.86,15.86,15.86,1000
1705484220,2024-01-17T04:37:00.000-05:00,15.89,15.89,15.89,15.89,280
1705484340,2024-01-17T04:39:00.000-05:00,15.9,15.9,15.9,15.9,530
1705484400,2024-01-17T04:40:00.000-05:00,15.92,15.92,15.92,15.92,690
1705486200,2024-01-17T05:10:00.000-05:00,15.93,15.93,15.9,15.9,703
1705486380,2024-01-17T05:13:00.000-05:00,15.94,15.95,15.94,15.94,1000
1705486620,2024-01-17T05:17:00.000-05:00,15.94,15.94,15.94,15.94,500
1705487400,2024-01-17T05:30:00.000-05:00,15.94,15.95,15.94,15.95,1253
1705487820,2024-01-17T05:37:00.000-05:00,15.95,15.96,15.95,15.96,750
1705488300,2024-01-17T05:45:00.000-05:00,15.99,16.0,15.96,16.0,2393
